00000000023;47e877a6-9260-11e9-b2c8-50465d50a210;1;шт;1;00000000006;82ef333b-49ec-11e8-a1f3-50465d50a210;9 750;9 750
00000000024;47e877a9-9260-11e9-b2c8-50465d50a210;1;шт;1;00000000053;47e877a7-9260-11e9-b2c8-50465d50a210;7 750;7 750
00000000022;6d6a84b5-9101-11e9-aee5-50465d50a210;1;шт;1;00000000052;6d6a84b3-9101-11e9-aee5-50465d50a210;17 500;17 500
00000000021;a141dd34-8b5b-11e9-bf98-6c626df87f88;1;шт;1;00000000022;430a2cd3-786b-11e8-b212-50465d50a210;9 325;9 325
00000000021;a141dd34-8b5b-11e9-bf98-6c626df87f88;2;шт;1;00000000023;430a2cd5-786b-11e8-b212-50465d50a210;8 875;8 875
00000000020;63a58a04-876a-11e9-b6a9-6c626df87d4c;1;шт;4;00000000006;82ef333b-49ec-11e8-a1f3-50465d50a210;10 250;41 000
00000000019;00075401-81fc-11e9-85fd-6c626df87d4c;1;шт;1;00000000015;c77ccd20-744b-11e8-a626-50465d50a210;15 000;15 000
00000000019;00075401-81fc-11e9-85fd-6c626df87d4c;2;шт;2;00000000017;c6d1387b-7471-11e8-a626-50465d50a210;11 000;22 000
00000000018;d19f02a7-757d-11e9-bf9e-6c626df87f88;1;шт;1;00000000022;430a2cd3-786b-11e8-b212-50465d50a210;9 325;9 325
00000000018;d19f02a7-757d-11e9-bf9e-6c626df87f88;2;шт;1;00000000023;430a2cd5-786b-11e8-b212-50465d50a210;8 875;8 875
00000000018;d19f02a7-757d-11e9-bf9e-6c626df87f88;3;шт;5;00000000048;d19f02a5-757d-11e9-bf9e-6c626df87f88;380;1 900
00000000017;e5d7e6e8-716d-11e9-bab0-50465d50a210;1;шт;1;00000000047;a538c7dd-6b3d-11e9-a8a5-6c626df87f88;24 775;24 775
00000000016;a538c7df-6b3d-11e9-a8a5-6c626df87f88;1;шт;1;00000000047;a538c7dd-6b3d-11e9-a8a5-6c626df87f88;24 775;24 775
00000000015;fd952f04-5f6a-11e9-9192-6c626df87f88;1;шт;3;00000000006;82ef333b-49ec-11e8-a1f3-50465d50a210;10 250;30 750
00000000014;2cf27f8d-5ac3-11e9-b1ba-50465d50a210;1;шт;1;00000000033;fcb6aa5f-9a23-11e8-b693-50465d50a210;1 785;1 785
00000000014;2cf27f8d-5ac3-11e9-b1ba-50465d50a210;2;шт;1;00000000022;430a2cd3-786b-11e8-b212-50465d50a210;9 290;9 290
00000000014;2cf27f8d-5ac3-11e9-b1ba-50465d50a210;3;шт;1;00000000023;430a2cd5-786b-11e8-b212-50465d50a210;8 725;8 725
00000000013;7c388288-4af0-11e9-8470-50465d50a210;1;шт;1;00000000006;82ef333b-49ec-11e8-a1f3-50465d50a210;9 500;9 500
00000000012;7fca886b-4653-11e9-9b90-6c626df87f88;1;шт;1;00000000037;0a5a96a9-e34c-11e8-8112-50465d50a210;7 150;7 150
00000000011;8c3b9eed-4592-11e9-bfa3-6c626df87f88;1;шт;2;00000000006;82ef333b-49ec-11e8-a1f3-50465d50a210;9 995;19 990
00000000010;213bb4ac-44b4-11e9-afdb-6c626df87f88;1;шт;2;00000000033;fcb6aa5f-9a23-11e8-b693-50465d50a210;1 775;3 550
00000000010;213bb4ac-44b4-11e9-afdb-6c626df87f88;2;шт;2;00000000022;430a2cd3-786b-11e8-b212-50465d50a210;9 350;18 700
00000000010;213bb4ac-44b4-11e9-afdb-6c626df87f88;3;шт;1;00000000023;430a2cd5-786b-11e8-b212-50465d50a210;8 750;8 750
00000000009;e96faa34-3f2c-11e9-8945-6c626df87f88;1;шт;3;00000000025;29d44ad9-7ad2-11e8-b6fa-50465d50a210;1 400;4 200
00000000009;e96faa34-3f2c-11e9-8945-6c626df87f88;2;шт;1;00000000046;e96faa32-3f2c-11e9-8945-6c626df87f88;5 950;5 950
00000000008;f494f583-35cc-11e9-addb-6c626df87f88;1;шт;2;00000000045;f494f581-35cc-11e9-addb-6c626df87f88;9 100;18 200
00000000007;4f8986d7-3441-11e9-9244-50465d50a210;1;шт;5;00000000044;4f8986d5-3441-11e9-9244-50465d50a210;225;1 125
00000000006;1178b750-2f73-11e9-88bb-6c626df87f88;1;шт;3;00000000043;1178b74c-2f73-11e9-88bb-6c626df87f88;2 650;7 950
00000000005;674dacf3-2b92-11e9-941f-6c626df87d4c;1;шт;36;00000000042;674dacf4-2b92-11e9-941f-6c626df87d4c;795;28 620
00000000004;bbac9c9d-2944-11e9-a0dd-6c626df87f88;1;шт;1;00000000033;fcb6aa5f-9a23-11e8-b693-50465d50a210;1 800;1 800
00000000004;bbac9c9d-2944-11e9-a0dd-6c626df87f88;2;шт;2;00000000022;430a2cd3-786b-11e8-b212-50465d50a210;9 350;18 700
00000000004;bbac9c9d-2944-11e9-a0dd-6c626df87f88;3;шт;1;00000000023;430a2cd5-786b-11e8-b212-50465d50a210;8 750;8 750
00000000003;bbac9c9c-2944-11e9-a0dd-6c626df87f88;1;шт;1;00000000015;c77ccd20-744b-11e8-a626-50465d50a210;14 950;14 950
00000000003;bbac9c9c-2944-11e9-a0dd-6c626df87f88;2;шт;2;00000000017;c6d1387b-7471-11e8-a626-50465d50a210;10 975;21 950
00000000002;2d4abf65-2627-11e9-b5dd-6c626df87d4c;1;шт;12;00000000041;2d4abf63-2627-11e9-b5dd-6c626df87d4c;4 950;59 400
00000000001;1a4373d7-17e4-11e9-9aab-6c626df87d4c;1;шт;2;00000000033;fcb6aa5f-9a23-11e8-b693-50465d50a210;1 795;3 590
00000000001;1a4373d7-17e4-11e9-9aab-6c626df87d4c;2;шт;1;00000000022;430a2cd3-786b-11e8-b212-50465d50a210;9 350;9 350
00000000001;1a4373d7-17e4-11e9-9aab-6c626df87d4c;3;шт;2;00000000023;430a2cd5-786b-11e8-b212-50465d50a210;8 745;17 490
00000000025;17c839c8-fd3f-11e8-888d-6c626df87d4c;1;шт;2;00000000033;fcb6aa5f-9a23-11e8-b693-50465d50a210;1 750;3 500
00000000025;17c839c8-fd3f-11e8-888d-6c626df87d4c;2;шт;4;00000000030;e78314d0-832d-11e8-80b6-50465d50a210;525;2 100
00000000025;17c839c8-fd3f-11e8-888d-6c626df87d4c;3;шт;1;00000000022;430a2cd3-786b-11e8-b212-50465d50a210;9 250;9 250
00000000025;17c839c8-fd3f-11e8-888d-6c626df87d4c;4;шт;1;00000000040;17c839c6-fd3f-11e8-888d-6c626df87d4c;19 500;19 500
00000000024;428e4b53-fc58-11e8-a590-50465d50a210;1;шт;1;00000000035;d2547c64-b820-11e8-b988-6c626df87d4c;12 100;12 100
00000000023;78b70a1d-f4a2-11e8-8045-6c626df87d4c;1;шт;30;00000000039;78b70a1b-f4a2-11e8-8045-6c626df87d4c;23 900;717 000
00000000022;78b70a1a-f4a2-11e8-8045-6c626df87d4c;1;шт;30;00000000038;78b70a18-f4a2-11e8-8045-6c626df87d4c;33 950;1 018 500
00000000021;0a5a96ab-e34c-11e8-8112-50465d50a210;1;шт;1;00000000037;0a5a96a9-e34c-11e8-8112-50465d50a210;6 995;6 995
00000000021;0a5a96ab-e34c-11e8-8112-50465d50a210;2;шт;2;00000000022;430a2cd3-786b-11e8-b212-50465d50a210;9 225;18 450
00000000021;0a5a96ab-e34c-11e8-8112-50465d50a210;3;шт;1;00000000023;430a2cd5-786b-11e8-b212-50465d50a210;8 525;8 525
00000000021;0a5a96ab-e34c-11e8-8112-50465d50a210;4;шт;2;00000000033;fcb6aa5f-9a23-11e8-b693-50465d50a210;1 650;3 300
00000000020;2fe6f87b-d839-11e8-88f3-50465d50a210;1;шт;2;00000000006;82ef333b-49ec-11e8-a1f3-50465d50a210;9 575;19 150
00000000019;a70555fc-cafc-11e8-a571-6c626df87f88;1;шт;1;00000000023;430a2cd5-786b-11e8-b212-50465d50a210;8 525;8 525
00000000019;a70555fc-cafc-11e8-a571-6c626df87f88;2;шт;2;00000000022;430a2cd3-786b-11e8-b212-50465d50a210;9 225;18 450
00000000019;a70555fc-cafc-11e8-a571-6c626df87f88;3;шт;2;00000000033;fcb6aa5f-9a23-11e8-b693-50465d50a210;1 575;3 150
00000000018;088c498f-b82a-11e8-84f3-6c626df87f88;1;шт;2;00000000006;82ef333b-49ec-11e8-a1f3-50465d50a210;9 575;19 150
00000000018;088c498f-b82a-11e8-84f3-6c626df87f88;2;шт;1;00000000035;d2547c64-b820-11e8-b988-6c626df87d4c;12 100;12 100
00000000017;d2547c63-b820-11e8-b988-6c626df87d4c;1;шт;1;00000000034;d2547c5e-b820-11e8-b988-6c626df87d4c;62 000;62 000
00000000016;bad860cd-b5c4-11e8-bb45-6c626df87d4c;1;шт;1;00000000015;c77ccd20-744b-11e8-a626-50465d50a210;14 250;14 250
00000000016;bad860cd-b5c4-11e8-bb45-6c626df87d4c;2;шт;2;00000000017;c6d1387b-7471-11e8-a626-50465d50a210;10 650;21 300
00000000015;754dd9b7-b1da-11e8-a0f6-6c626df87f88;1;шт;2;00000000023;430a2cd5-786b-11e8-b212-50465d50a210;8 375;16 750
00000000015;754dd9b7-b1da-11e8-a0f6-6c626df87f88;2;шт;2;00000000022;430a2cd3-786b-11e8-b212-50465d50a210;9 250;18 500
00000000015;754dd9b7-b1da-11e8-a0f6-6c626df87f88;3;шт;2;00000000033;fcb6aa5f-9a23-11e8-b693-50465d50a210;1 575;3 150
00000000014;fcb6aa5e-9a23-11e8-b693-50465d50a210;1;шт;1;00000000023;430a2cd5-786b-11e8-b212-50465d50a210;7 000;7 000
00000000014;fcb6aa5e-9a23-11e8-b693-50465d50a210;2;шт;3;00000000022;430a2cd3-786b-11e8-b212-50465d50a210;8 795;26 385
00000000014;fcb6aa5e-9a23-11e8-b693-50465d50a210;3;шт;4;00000000030;e78314d0-832d-11e8-80b6-50465d50a210;520;2 080
00000000014;fcb6aa5e-9a23-11e8-b693-50465d50a210;4;шт;1;00000000033;fcb6aa5f-9a23-11e8-b693-50465d50a210;1 550;1 550
00000000012;15c88e8f-964e-11e8-939d-50465d50a210;1;шт;3;00000000032;15c88e8d-964e-11e8-939d-50465d50a210;6 000;18 000
00000000011;e78314d2-832d-11e8-80b6-50465d50a210;1;шт;1;00000000023;430a2cd5-786b-11e8-b212-50465d50a210;6 700;6 700
00000000011;e78314d2-832d-11e8-80b6-50465d50a210;2;шт;3;00000000022;430a2cd3-786b-11e8-b212-50465d50a210;8 350;25 050
00000000011;e78314d2-832d-11e8-80b6-50465d50a210;3;шт;4;00000000030;e78314d0-832d-11e8-80b6-50465d50a210;520;2 080
00000000010;175c65f8-753d-11e8-ba40-50465d50a210;1;шт;1;00000000019;175c65f6-753d-11e8-ba40-50465d50a210;21 975;21 975
00000000008;c77ccd1f-744b-11e8-a626-50465d50a210;1;шт;1;00000000015;c77ccd20-744b-11e8-a626-50465d50a210;14 500;14 500
00000000009;c77ccd22-744b-11e8-a626-50465d50a210;1;шт;2;00000000017;c6d1387b-7471-11e8-a626-50465d50a210;10 500;21 000
00000000006;35a0ec1a-6b16-11e8-908a-50465d50a210;1;шт;2;00000000014;35a0ec18-6b16-11e8-908a-50465d50a210;900;1 800
00000000004;50b0f695-600d-11e8-a735-50465d50a210;1;шт;1;00000000009;50b0f693-600d-11e8-a735-50465d50a210;5 655;5 655
00000000002;dee5b6f6-4ad9-11e8-a1f3-50465d50a210;1;шт;1;00000000007;dee5b6f7-4ad9-11e8-a1f3-50465d50a210;89 750;89 750
00000000001;82ef333e-49ec-11e8-a1f3-50465d50a210;1;шт;1;00000000006;82ef333b-49ec-11e8-a1f3-50465d50a210;9 500;9 500
