00000000215;869d72f6-9e36-11e9-9b7e-50465d50a210;1;шт;4;00000001127;869d72f4-9e36-11e9-9b7e-50465d50a210;42 082;168 328
00000000214;528e29f3-9d7a-11e9-ade0-6c626df87f88;1;шт;4;00000000090;92d9e99d-3782-11e5-a9c7-6c626df87d4c;16 150;64 600
00000000213;d39a47c7-9d61-11e9-950d-50465d50a210;1;шт;3;00000000722;90ec0ba8-5585-11e7-82c9-6c626df87d4c;4 945,8;14 837,4
00000000211;340ddbab-9c85-11e9-b527-50465d50a210;1;л;60;00000000490;00fa93a5-7979-11e6-86ae-50465d50a210;593,7;35 622
00000000210;340ddbaa-9c85-11e9-b527-50465d50a210;1;шт;2;00000000246;a694c655-baae-11e5-bf97-6c626df87d4c;41 041,7;82 083,4
00000000210;340ddbaa-9c85-11e9-b527-50465d50a210;2;шт;2;00000000212;1f8ddbc2-929f-11e5-bcb0-001e8c89ab40;4 562,5;9 125
00000000209;54a2a448-9bd9-11e9-b527-50465d50a210;1;кг;850;00000000421;071a283a-3eb0-11e6-9d1d-6c626df87d4c;64,46;54 791
00000000208;e9cc588b-9973-11e9-80dc-50465d50a210;1;шт;4;00000000242;fd8268c2-a3e4-11e5-ac44-6c626df87f88;8 250;33 000
00000000207;5d46ea00-98d8-11e9-ab0c-6c626df87d4c;1;шт;4;00000001123;5d46e9fe-98d8-11e9-ab0c-6c626df87d4c;1 750;7 000
00000000173;e9de5a50-8298-11e9-9a40-6c626df87d4c;1;кг;189;00000000863;ffc6e4c3-1bb9-11e8-873c-6c626df87d4c;57,54;10 874,7
00000000205;d3e90c8b-9408-11e9-b5cd-6c626df87d4c;1;шт;2;00000000640;e27f40b4-0d53-11e7-83dc-6c626df87d4c;1 730;3 460
00000000206;d3e90c8c-9408-11e9-b5cd-6c626df87d4c;1;шт;2;00000000967;98bfde9a-b5b2-11e8-bb45-6c626df87d4c;920;1 840
00000000206;d3e90c8c-9408-11e9-b5cd-6c626df87d4c;2;шт;2;00000000968;98bfde9c-b5b2-11e8-bb45-6c626df87d4c;310;620
00000000204;12f67751-93e7-11e9-b13c-50465d50a210;1;кг;1 087;00000000531;ea012e98-95d3-11e6-959d-6c626df87d4c;16,33;17 750,71
00000000203;43b4ac2a-9317-11e9-b13c-50465d50a210;1;шт;5;00000000756;b2f166fe-87c5-11e7-b1c5-50465d50a210;9 975;49 875
00000000202;041d44d6-927f-11e9-b2c8-50465d50a210;1;шт;3;00000000068;91162be6-2a05-11e5-b679-50465d50a210;19 575;58 725
00000000202;041d44d6-927f-11e9-b2c8-50465d50a210;2;шт;1;00000000468;9792c953-65f3-11e6-b959-6c626df87d4c;25 700;25 700
00000000201;c2045b7d-9100-11e9-8dc9-6c626df87f88;1;шт;1;00000000048;371b25d3-1cc2-11e5-a6e0-6c626df87d4c;18 750;18 750
00000000199;514622bd-8e62-11e9-b1e4-6c626df87d4c;1;шт;2;00000000895;a2555950-5288-11e8-a8ac-6c626df87d4c;3 533;7 066
00000000200;514622c0-8e62-11e9-b1e4-6c626df87d4c;1;шт;1;00000001121;514622be-8e62-11e9-b1e4-6c626df87d4c;2 746;2 746
00000000198;514622ac-8e62-11e9-b1e4-6c626df87d4c;1;шт;1;00000000656;78491a7d-1474-11e7-8e0c-6c626df87d4c;16 644;16 644
00000000197;f0504365-8db6-11e9-b2f8-6c626df87d4c;1;шт;3;00000000068;91162be6-2a05-11e5-b679-50465d50a210;20 650;61 950
00000000196;38165e89-8d9e-11e9-92aa-50465d50a210;1;шт;24;00000001076;d068971a-5c52-11e9-995c-6c626df87d4c;820;19 680
00000000195;38165e86-8d9e-11e9-92aa-50465d50a210;1;шт;5;00000000112;615a1b7e-44bd-11e5-b75d-6c626df87d4c;12 166,67;60 833,35
00000000194;a52b5b0f-8c2d-11e9-b37c-6c626df87d4c;1;шт;1;00000000246;a694c655-baae-11e5-bf97-6c626df87d4c;42 250;42 250
00000000194;a52b5b0f-8c2d-11e9-b37c-6c626df87d4c;2;шт;2;00000000212;1f8ddbc2-929f-11e5-bcb0-001e8c89ab40;4 730;9 460
00000000193;53430f6a-8b6a-11e9-b70e-6c626df87d4c;1;шт;1;00000000111;1cc310a8-41bd-11e5-a939-6c626df87d4c;19 950;19 950
00000000192;6c0c4ad9-88f8-11e9-8d6e-6c626df87f88;1;шт;10;00000000626;e29512b6-0311-11e7-891a-001e8c89ab40;1 175;11 750
00000000191;6c0c4ad8-88f8-11e9-8d6e-6c626df87f88;1;шт;2;00000000090;92d9e99d-3782-11e5-a9c7-6c626df87d4c;15 250;30 500
00000000190;6c0c4ad7-88f8-11e9-8d6e-6c626df87f88;1;шт;1;00000000963;20ced1ef-b1a8-11e8-94d7-6c626df87d4c;30 000;30 000
00000000189;3ac651dd-88f0-11e9-a261-50465d50a210;1;шт;1;00000000052;5c925beb-1cc0-11e5-b63b-50465d50a210;8 500;8 500
00000000188;3ac651dc-88f0-11e9-a261-50465d50a210;1;шт;1;00000000052;5c925beb-1cc0-11e5-b63b-50465d50a210;8 500;8 500
00000000184;b18a0d57-8830-11e9-b8c0-50465d50a210;1;шт;1;00000000111;1cc310a8-41bd-11e5-a939-6c626df87d4c;19 950;19 950
00000000187;01fc52f9-8843-11e9-9a29-6c626df87d4c;1;шт;2;00000001120;01fc52f7-8843-11e9-9a29-6c626df87d4c;1;2
00000000182;f8d8a69c-875b-11e9-b6a9-6c626df87d4c;1;шт;1;00000001115;f8d8a696-875b-11e9-b6a9-6c626df87d4c;185 645,8;185 645,8
00000000182;f8d8a69c-875b-11e9-b6a9-6c626df87d4c;2;шт;4;00000001114;f8d8a694-875b-11e9-b6a9-6c626df87d4c;20 833,3;83 333,2
00000000182;f8d8a69c-875b-11e9-b6a9-6c626df87d4c;3;шт;1;00000001117;f8d8a69a-875b-11e9-b6a9-6c626df87d4c;127 500;127 500
00000000182;f8d8a69c-875b-11e9-b6a9-6c626df87d4c;4;шт;4;00000001116;f8d8a698-875b-11e9-b6a9-6c626df87d4c;13 645,8;54 583,2
00000000181;f8d8a68b-875b-11e9-b6a9-6c626df87d4c;1;шт;4;00000001119;e888b352-87a2-11e9-b343-50465d50a210;1 333,3;5 333,2
00000000181;f8d8a68b-875b-11e9-b6a9-6c626df87d4c;2;шт;1;00000001065;15a11c6a-56d1-11e9-8d4a-6c626df87f88;8 250;8 250
00000000183;f8d8a6a2-875b-11e9-b6a9-6c626df87d4c;1;шт;4;00000001118;e888b350-87a2-11e9-b343-50465d50a210;708,4;2 833,6
00000000183;f8d8a6a2-875b-11e9-b6a9-6c626df87d4c;2;шт;1;00000001065;15a11c6a-56d1-11e9-8d4a-6c626df87f88;8 250;8 250
00000000180;f8d8a682-875b-11e9-b6a9-6c626df87d4c;1;шт;6;00000000503;a6e83940-8559-11e6-8c09-001e8c89ab40;3 000;18 000
00000000179;2eaad4f9-86a0-11e9-adb1-6c626df87f88;1;шт;3;00000000432;4c6ebe96-4757-11e6-bba6-6c626df87f88;13 500;40 500
00000000178;94d37fe2-8610-11e9-ab50-6c626df87d4c;1;шт;12;00000001010;b53c1eed-db5b-11e8-bb74-6c626df87d4c;1 300;15 600
00000000177;a1c3014d-8377-11e9-b71c-50465d50a210;1;шт;23;00000001100;03ce5b36-82c3-11e9-b71c-50465d50a210;38 899,2;894 681,6
00000000177;a1c3014d-8377-11e9-b71c-50465d50a210;2;шт;2;00000001101;03ce5b38-82c3-11e9-b71c-50465d50a210;30 574,98;61 149,96
00000000177;a1c3014d-8377-11e9-b71c-50465d50a210;3;шт;5;00000000926;4f907540-6bb1-11e8-ac0c-6c626df87d4c;16 998;84 990
00000000174;a1c30149-8377-11e9-b71c-50465d50a210;1;шт;7;00000001104;a1c3013b-8377-11e9-b71c-50465d50a210;1;7
00000000174;a1c30149-8377-11e9-b71c-50465d50a210;2;шт;2;00000000410;47fe5665-3878-11e6-a67d-001e8c89ab40;1;2
00000000174;a1c30149-8377-11e9-b71c-50465d50a210;3;шт;5;00000000271;20a39f05-c4ba-11e5-8cbe-50465d50a210;1;5
00000000174;a1c30149-8377-11e9-b71c-50465d50a210;4;шт;5;00000000287;d052b8aa-cf02-11e5-a300-50465d50a210;1;5
00000000174;a1c30149-8377-11e9-b71c-50465d50a210;5;шт;28;00000000129;74761b5b-4cac-11e5-b720-6c626df87d4c;1;28
00000000174;a1c30149-8377-11e9-b71c-50465d50a210;6;шт;36;00000001067;c2a5135b-579a-11e9-9f27-6c626df87f88;1;36
00000000174;a1c30149-8377-11e9-b71c-50465d50a210;7;шт;15;00000000031;fde1035b-1c10-11e5-8eb2-6c626df87d4c;1;15
00000000174;a1c30149-8377-11e9-b71c-50465d50a210;8;шт;56;00000000461;075071a3-5df2-11e6-8298-50465d50a210;1;56
00000000174;a1c30149-8377-11e9-b71c-50465d50a210;9;шт;56;00000000135;dba279d1-514c-11e5-a961-6c626df87d4c;1;56
00000000174;a1c30149-8377-11e9-b71c-50465d50a210;10;шт;12;00000000881;21384198-324a-11e8-a984-6c626df87d4c;1;12
00000000174;a1c30149-8377-11e9-b71c-50465d50a210;11;шт;20;00000001109;a1c30145-8377-11e9-b71c-50465d50a210;1;20
00000000174;a1c30149-8377-11e9-b71c-50465d50a210;12;шт;1;00000001108;a1c30143-8377-11e9-b71c-50465d50a210;1;1
00000000174;a1c30149-8377-11e9-b71c-50465d50a210;13;шт;5;00000000342;a3f8f6fa-fa26-11e5-9065-50465d50a210;1;5
00000000174;a1c30149-8377-11e9-b71c-50465d50a210;14;шт;26;00000001110;a1c30147-8377-11e9-b71c-50465d50a210;1;26
00000000174;a1c30149-8377-11e9-b71c-50465d50a210;15;шт;1;00000001107;a1c30141-8377-11e9-b71c-50465d50a210;1;1
00000000174;a1c30149-8377-11e9-b71c-50465d50a210;16;шт;1;00000001106;a1c3013f-8377-11e9-b71c-50465d50a210;1;1
00000000174;a1c30149-8377-11e9-b71c-50465d50a210;17;шт;3;00000000115;e54ad5b7-4579-11e5-81f8-6c626df87d4c;1;3
00000000174;a1c30149-8377-11e9-b71c-50465d50a210;18;шт;1;00000001105;a1c3013d-8377-11e9-b71c-50465d50a210;1;1
00000000176;a1c3014c-8377-11e9-b71c-50465d50a210;1;шт;2;00000000115;e54ad5b7-4579-11e5-81f8-6c626df87d4c;15 750;31 500
00000000176;a1c3014c-8377-11e9-b71c-50465d50a210;2;шт;3;00000000244;b9ec55b8-a95d-11e5-88a0-6c626df87f88;1 950;5 850
00000000176;a1c3014c-8377-11e9-b71c-50465d50a210;3;шт;5;00000000086;60bc9d62-35d1-11e5-8b39-6c626df87d4c;687;3 435
00000000175;b5dd17d6-837c-11e9-b753-6c626df87d4c;1;кг;240;00000001111;b5dd17d4-837c-11e9-b753-6c626df87d4c;263;63 120
00000000171;e9de5a4a-8298-11e9-9a40-6c626df87d4c;1;шт;2;00000000101;146da9b9-40d6-11e5-957f-50465d50a210;13 900;27 800
00000000171;e9de5a4a-8298-11e9-9a40-6c626df87d4c;2;шт;1;00000001097;e9de5a4b-8298-11e9-9a40-6c626df87d4c;790;790
00000000170;e9de5a49-8298-11e9-9a40-6c626df87d4c;1;шт;23;00000000978;11ee35b8-bd72-11e8-8601-6c626df87d4c;39 300;903 900
00000000170;e9de5a49-8298-11e9-9a40-6c626df87d4c;2;шт;5;00000001096;e9de5a46-8298-11e9-9a40-6c626df87d4c;23 375;116 875
00000000170;e9de5a49-8298-11e9-9a40-6c626df87d4c;3;шт;2;00000001082;185630d3-6033-11e9-8bc3-50465d50a210;30 250;60 500
00000000169;77f47efa-81f8-11e9-85fd-6c626df87d4c;1;шт;20;00000000149;61e0680c-65cb-11e5-a010-001e8c89ab40;2 654,15;53 083
00000000169;77f47efa-81f8-11e9-85fd-6c626df87d4c;2;шт;1;00000000097;0fe0fc54-3f5c-11e5-a4a0-1c7508b569ec;12 082;12 082
00000000169;77f47efa-81f8-11e9-85fd-6c626df87d4c;3;шт;20;00000000779;5279089d-9dda-11e7-b5cd-6c626df87d4c;379,15;7 583
00000000169;77f47efa-81f8-11e9-85fd-6c626df87d4c;4;шт;5;00000000879;21384194-324a-11e8-a984-6c626df87d4c;1 579,15;7 895,75
00000000169;77f47efa-81f8-11e9-85fd-6c626df87d4c;5;л;50;00000000861;ffc6e4bf-1bb9-11e8-873c-6c626df87d4c;74,58;3 729
00000000169;77f47efa-81f8-11e9-85fd-6c626df87d4c;6;шт;1;00000001094;77f47efb-81f8-11e9-85fd-6c626df87d4c;1 562,5;1 562,5
00000000168;77f47ef9-81f8-11e9-85fd-6c626df87d4c;1;шт;3;00000001093;77f47ef7-81f8-11e9-85fd-6c626df87d4c;3 675;11 025
00000000167;b7124c5d-8134-11e9-980a-6c626df87d4c;1;шт;1;00000000872;9ba08fd7-2822-11e8-a37f-6c626df87d4c;51 000;51 000
00000000163;aac5e3cd-8054-11e9-9e26-50465d50a210;1;шт;13;00000000212;1f8ddbc2-929f-11e5-bcb0-001e8c89ab40;5 650;73 450
00000000164;a9e24a78-805c-11e9-b230-6c626df87d4c;1;шт;1;00000000246;a694c655-baae-11e5-bf97-6c626df87d4c;42 165;42 165
00000000164;a9e24a78-805c-11e9-b230-6c626df87d4c;2;шт;2;00000000212;1f8ddbc2-929f-11e5-bcb0-001e8c89ab40;4 665;9 330
00000000164;a9e24a78-805c-11e9-b230-6c626df87d4c;3;шт;1;00000000384;3631cb03-2173-11e6-bfc6-50465d50a210;4 687,5;4 687,5
00000000164;a9e24a78-805c-11e9-b230-6c626df87d4c;4;шт;3;00000000242;fd8268c2-a3e4-11e5-ac44-6c626df87f88;4 687,5;14 062,5
00000000164;a9e24a78-805c-11e9-b230-6c626df87d4c;5;шт;1;00000000603;fced48c9-c680-11e6-9689-6c626df87f88;4 582;4 582
00000000165;a9e24a79-805c-11e9-b230-6c626df87d4c;1;шт;2;00000000135;dba279d1-514c-11e5-a961-6c626df87d4c;11 000;22 000
00000000162;aac5e3cc-8054-11e9-9e26-50465d50a210;1;шт;4;00000000112;615a1b7e-44bd-11e5-b75d-6c626df87d4c;12 166,67;48 666,68
00000000161;53ff4db8-7c88-11e9-aee2-50465d50a210;1;шт;2;00000000465;0cd7ac85-6459-11e6-9f8b-6c626df87f88;5 625;11 250
00000000160;53ff4db7-7c88-11e9-aee2-50465d50a210;1;шт;4;00000000125;73e3582a-4bcd-11e5-a984-6c626df87d4c;38 540;154 160
00000000157;782656cd-7d44-11e9-8c8b-6c626df87f88;1;шт;13;00000000075;8e7f64c5-2c6c-11e5-8cd4-50465d50a210;280;3 640
00000000157;782656cd-7d44-11e9-8c8b-6c626df87f88;2;шт;24;00000000195;0c9e30c2-877b-11e5-bd31-6c626df87d4c;197,5;4 740
00000000157;782656cd-7d44-11e9-8c8b-6c626df87f88;3;шт;1;00000000372;c5748ffb-1736-11e6-bf4f-50465d50a210;2 725;2 725
00000000158;53ff4dac-7c88-11e9-aee2-50465d50a210;1;шт;3;00000000068;91162be6-2a05-11e5-b679-50465d50a210;19 350;58 050
00000000158;53ff4dac-7c88-11e9-aee2-50465d50a210;2;шт;1;00000000468;9792c953-65f3-11e6-b959-6c626df87d4c;25 700;25 700
00000000156;373ea7aa-7ba4-11e9-9da2-50465d50a210;1;кг;798;00000000296;38177c46-d6f5-11e5-812a-6c626df87d4c;114,35;91 251,3
00000000155;c066da39-7ad8-11e9-9bc3-6c626df87d4c;1;шт;1;00000000360;69622dc2-0bb1-11e6-832c-6c626df87f88;13 950;13 950
00000000154;c066da37-7ad8-11e9-9bc3-6c626df87d4c;1;кг;200;00000000489;00fa939d-7979-11e6-86ae-50465d50a210;416,5;83 300
00000000153;b37aef90-761f-11e9-ba24-6c626df87d4c;1;шт;6;00000000149;61e0680c-65cb-11e5-a010-001e8c89ab40;3 425;20 550
00000000152;b37aef8f-761f-11e9-ba24-6c626df87d4c;1;шт;1;00000001085;b37aef8d-761f-11e9-ba24-6c626df87d4c;11 976;11 976
00000000151;3b9531b0-7586-11e9-9784-6c626df87d4c;1;шт;3;00000000843;169a008d-07ef-11e8-9d7b-6c626df87d4c;2 700;8 100
00000000150;77c9e8c8-7578-11e9-bf9e-6c626df87f88;1;шт;12;00000000377;4adff516-1c26-11e6-af07-6c626df87d4c;746;8 952
00000000149;959ebd07-7187-11e9-85b8-50465d50a210;1;кг;147;00000001046;05f51916-341e-11e9-9244-50465d50a210;73,33;10 779,51
00000000148;524b764e-7162-11e9-9198-6c626df87f88;1;шт;1;00000000542;7690376d-9c06-11e6-a1f6-6c626df87d4c;33 350;33 350
00000000147;43b2c597-70bf-11e9-bab0-50465d50a210;1;кг;1 087;00000000531;ea012e98-95d3-11e6-959d-6c626df87d4c;16,33;17 750,71
00000000145;dd71db8d-6a76-11e9-8252-6c626df87d4c;1;шт;1;00000000756;b2f166fe-87c5-11e7-b1c5-50465d50a210;10 250;10 250
00000000144;3eaaea0d-6a5e-11e9-839d-6c626df87f88;1;шт;4;00000000009;bb65b576-1b1c-11e5-aa26-6c626df87d4c;6 550;26 200
00000000143;360b02d1-67ef-11e9-aedb-50465d50a210;1;шт;1;00000000468;9792c953-65f3-11e6-b959-6c626df87d4c;27 525;27 525
00000000142;987deeff-6748-11e9-985b-6c626df87d4c;1;шт;2;00000000465;0cd7ac85-6459-11e6-9f8b-6c626df87f88;4 700;9 400
00000000141;d2f36324-6663-11e9-b16c-50465d50a210;1;шт;1;00000001063;9a9a96e6-5063-11e9-b649-6c626df87d4c;402;402
00000000166;a9e24a7e-805c-11e9-b230-6c626df87d4c;1;шт;2;00000000769;0bfa05d6-9851-11e7-8308-6c626df87d4c;102 020;204 040
00000000139;c5f23323-64d8-11e9-92d3-6c626df87f88;1;шт;15;00000000844;e3c77d15-0a65-11e8-a4d3-50465d50a210;9 300;139 500
00000000140;6886cc25-64cb-11e9-b16c-50465d50a210;1;шт;1;00000001084;6886cc23-64cb-11e9-b16c-50465d50a210;26 667;26 667
00000000137;7ac62fbc-6275-11e9-8c41-6c626df87d4c;1;кг;850;00000000421;071a283a-3eb0-11e6-9d1d-6c626df87d4c;64,46;54 791
00000000136;c5a910d2-626d-11e9-80b8-50465d50a210;1;шт;1;00000000801;80e05c1d-cea5-11e7-b377-50465d50a210;19 000;19 000
00000000135;5ee4ced6-61ac-11e9-8c41-6c626df87d4c;1;шт;4;00000000145;b05a3bcf-5d31-11e5-bf62-6c626df87d4c;1 150;4 600
00000000134;5ee4ced5-61ac-11e9-8c41-6c626df87d4c;1;шт;1;00000001074;607097c4-5b85-11e9-b1ba-50465d50a210;13 750;13 750
00000000134;5ee4ced5-61ac-11e9-8c41-6c626df87d4c;2;шт;1;00000001075;607097c6-5b85-11e9-b1ba-50465d50a210;16 275;16 275
00000000133;9e16a45a-60e5-11e9-b592-6c626df87d4c;1;шт;1;00000001083;9e16a458-60e5-11e9-b592-6c626df87d4c;7 500;7 500
00000000132;185630d2-6033-11e9-8bc3-50465d50a210;1;шт;2;00000000978;11ee35b8-bd72-11e8-8601-6c626df87d4c;41 468;82 936
00000000132;185630d2-6033-11e9-8bc3-50465d50a210;2;шт;2;00000001082;185630d3-6033-11e9-8bc3-50465d50a210;29 500;59 000
00000000131;185630d1-6033-11e9-8bc3-50465d50a210;1;шт;2;00000001023;b89801e9-f2da-11e8-9465-6c626df87d4c;8 995;17 990
00000000124;607097c3-5b85-11e9-b1ba-50465d50a210;1;шт;1;00000001072;607097bf-5b85-11e9-b1ba-50465d50a210;18 750;18 750
00000000124;607097c3-5b85-11e9-b1ba-50465d50a210;2;шт;1;00000001073;607097c1-5b85-11e9-b1ba-50465d50a210;20 810;20 810
00000000125;607097c8-5b85-11e9-b1ba-50465d50a210;1;шт;1;00000001074;607097c4-5b85-11e9-b1ba-50465d50a210;15 000;15 000
00000000125;607097c8-5b85-11e9-b1ba-50465d50a210;2;шт;1;00000001075;607097c6-5b85-11e9-b1ba-50465d50a210;17 080;17 080
00000000130;61738058-5f6c-11e9-9192-6c626df87f88;1;шт;1;00000000756;b2f166fe-87c5-11e7-b1c5-50465d50a210;10 300;10 300
00000000129;d068971e-5c52-11e9-995c-6c626df87d4c;1;шт;12;00000001077;d068971c-5c52-11e9-995c-6c626df87d4c;785;9 420
00000000128;d0689719-5c52-11e9-995c-6c626df87d4c;1;шт;12;00000001076;d068971a-5c52-11e9-995c-6c626df87d4c;820;9 840
00000000126;d0689717-5c52-11e9-995c-6c626df87d4c;1;шт;2;00000000076;8e7f64cb-2c6c-11e5-8cd4-50465d50a210;13 500;27 000
00000000127;d0689718-5c52-11e9-995c-6c626df87d4c;1;шт;1;00000000154;61e06817-65cb-11e5-a010-001e8c89ab40;10 670;10 670
00000000121;607097b8-5b85-11e9-b1ba-50465d50a210;1;л;50;00000001078;87d0bce9-5d28-11e9-b1ba-50465d50a210;795,83;39 791,5
00000000123;607097be-5b85-11e9-b1ba-50465d50a210;1;шт;3;00000001070;607097b9-5b85-11e9-b1ba-50465d50a210;13 235;39 705
00000000120;607097b3-5b85-11e9-b1ba-50465d50a210;1;л;50;00000001080;f10adba1-5f5b-11e9-8bc3-50465d50a210;583,33;29 166,5
00000000122;607097bd-5b85-11e9-b1ba-50465d50a210;1;л;50;00000001081;f10adba3-5f5b-11e9-8bc3-50465d50a210;726,25;36 312,5
00000000119;6ece9187-5ac4-11e9-b1ba-50465d50a210;1;шт;6;00000000503;a6e83940-8559-11e6-8c09-001e8c89ab40;4 225;25 350
00000000118;6ece9186-5ac4-11e9-b1ba-50465d50a210;1;шт;3;00000000068;91162be6-2a05-11e5-b679-50465d50a210;20 650;61 950
00000000117;922fa271-5aba-11e9-ad43-6c626df87f88;1;шт;3;00000000193;08bea8dc-7ca2-11e5-b892-6c626df87d4c;8 350;25 050
00000000117;922fa271-5aba-11e9-ad43-6c626df87f88;2;шт;2;00000000354;d2577fd2-06f9-11e6-b921-6c626df87d4c;6 200;12 400
00000000116;885048d8-59d1-11e9-8cb3-6c626df87f88;1;шт;1;00000000957;63215260-a9fa-11e8-ba43-50465d50a210;20 275;20 275
00000000115;885048d7-59d1-11e9-8cb3-6c626df87f88;1;шт;1;00000000956;bdf4cb5e-a44a-11e8-84ed-6c626df87f88;17 000;17 000
00000000114;885048d6-59d1-11e9-8cb3-6c626df87f88;1;шт;20;00000000075;8e7f64c5-2c6c-11e5-8cd4-50465d50a210;325;6 500
00000000113;c2a5135d-579a-11e9-9f27-6c626df87f88;1;шт;2;00000001067;c2a5135b-579a-11e9-9f27-6c626df87f88;13 125;26 250
00000000112;9f001d93-56d3-11e9-9d46-50465d50a210;1;шт;4;00000000869;722ee1f0-2040-11e8-837b-6c626df87d4c;29 250;117 000
00000000111;15a11c6e-56d1-11e9-8d4a-6c626df87f88;1;шт;1;00000001066;15a11c6c-56d1-11e9-8d4a-6c626df87f88;12 605;12 605
00000000111;15a11c6e-56d1-11e9-8d4a-6c626df87f88;2;шт;1;00000001065;15a11c6a-56d1-11e9-8d4a-6c626df87f88;8 250;8 250
00000000110;42a73423-55f4-11e9-83dd-50465d50a210;1;шт;3;00000000076;8e7f64cb-2c6c-11e5-8cd4-50465d50a210;14 975;44 925
00000000109;a670ae37-5523-11e9-8cff-6c626df87f88;1;шт;6;00000000269;20a39f01-c4ba-11e5-8cbe-50465d50a210;18 150;108 900
00000000108;a670ae36-5523-11e9-8cff-6c626df87f88;1;шт;12;00000000144;2087bfd8-5c6b-11e5-b76c-6c626df87d4c;7 092;85 104
00000000107;93b60d1f-5130-11e9-aa6c-50465d50a210;1;шт;1;00000000756;b2f166fe-87c5-11e7-b1c5-50465d50a210;10 000;10 000
00000000106;46d7ee98-513f-11e9-892c-6c626df87f88;1;шт;3;00000000756;b2f166fe-87c5-11e7-b1c5-50465d50a210;10 200;30 600
00000000105;49d27678-5069-11e9-a91c-6c626df87f88;1;шт;1;00000001064;49d27676-5069-11e9-a91c-6c626df87f88;8 500;8 500
00000000104;9a9a96e9-5063-11e9-b649-6c626df87d4c;1;шт;1;00000000468;9792c953-65f3-11e6-b959-6c626df87d4c;25 775;25 775
00000000104;9a9a96e9-5063-11e9-b649-6c626df87d4c;2;шт;3;00000000068;91162be6-2a05-11e5-b679-50465d50a210;19 725;59 175
00000000103;9a9a96e8-5063-11e9-b649-6c626df87d4c;1;шт;1;00000001063;9a9a96e6-5063-11e9-b649-6c626df87d4c;402;402
00000000102;f0e81313-4fb7-11e9-bf96-50465d50a210;1;шт;5;00000000096;0fe0fc52-3f5c-11e5-a4a0-1c7508b569ec;4 386;21 930
00000000102;f0e81313-4fb7-11e9-bf96-50465d50a210;2;шт;5;00000000487;3a55d85b-767b-11e6-b8a7-6c626df87d4c;4 404;22 020
00000000101;957ae07f-4fb7-11e9-acb1-6c626df87f88;1;шт;1;00000000892;7ff113ea-4469-11e8-8228-6c626df87d4c;36 042;36 042
00000000101;957ae07f-4fb7-11e9-acb1-6c626df87f88;2;шт;5;00000000384;3631cb03-2173-11e6-bfc6-50465d50a210;3 784;18 920
00000000099;957ae07b-4fb7-11e9-acb1-6c626df87f88;1;шт;15;00000000203;6d1c0207-87a5-11e5-bd31-6c626df87d4c;521;7 815
00000000099;957ae07b-4fb7-11e9-acb1-6c626df87f88;2;шт;24;00000000195;0c9e30c2-877b-11e5-bd31-6c626df87d4c;200;4 800
00000000100;957ae07e-4fb7-11e9-acb1-6c626df87f88;1;шт;25;00000001079;e88ce5e1-5ded-11e9-b6d5-50465d50a210;155;3 875
00000000100;957ae07e-4fb7-11e9-acb1-6c626df87f88;2;шт;36;00000000075;8e7f64c5-2c6c-11e5-8cd4-50465d50a210;365;13 140
00000000098;20d92539-4ef8-11e9-89e9-6c626df87d4c;1;шт;1;00000000892;7ff113ea-4469-11e8-8228-6c626df87d4c;37 300;37 300
00000000098;20d92539-4ef8-11e9-89e9-6c626df87d4c;2;шт;5;00000000384;3631cb03-2173-11e6-bfc6-50465d50a210;3 896;19 480
00000000097;a523c30d-4c7b-11e9-aeb9-50465d50a210;1;шт;36;00000001053;a523c301-4c7b-11e9-aeb9-50465d50a210;208;7 488
00000000097;a523c30d-4c7b-11e9-aeb9-50465d50a210;2;шт;5;00000001054;a523c303-4c7b-11e9-aeb9-50465d50a210;5 235;26 175
00000000097;a523c30d-4c7b-11e9-aeb9-50465d50a210;3;шт;8;00000001058;a523c30b-4c7b-11e9-aeb9-50465d50a210;690;5 520
00000000097;a523c30d-4c7b-11e9-aeb9-50465d50a210;4;шт;2;00000001055;a523c305-4c7b-11e9-aeb9-50465d50a210;575;1 150
00000000097;a523c30d-4c7b-11e9-aeb9-50465d50a210;6;шт;2;00000001057;a523c309-4c7b-11e9-aeb9-50465d50a210;1 305;2 610
00000000097;a523c30d-4c7b-11e9-aeb9-50465d50a210;5;шт;3;00000001059;a523c30e-4c7b-11e9-aeb9-50465d50a210;167;501
00000000095;8b1261a1-4aec-11e9-8470-50465d50a210;1;шт;1;00000000642;592395a0-0d73-11e7-94c5-001e8c89ab40;1 740;1 740
00000000096;8b1261a2-4aec-11e9-8470-50465d50a210;1;шт;3;00000000167;990b776b-6cbb-11e5-961c-001e8c89ab40;5 475;16 425
00000000094;aab3c76d-4a1e-11e9-be3e-50465d50a210;1;шт;7;00000000241;fd8268c0-a3e4-11e5-ac44-6c626df87f88;4 690;32 830
00000000093;aab3c769-4a1e-11e9-be3e-50465d50a210;1;шт;2;00000000077;f4b4587a-2ebd-11e5-9528-6c626df87f88;11 800;23 600
00000000092;30670650-495d-11e9-8d77-6c626df87f88;1;шт;3;00000000900;00809af3-5815-11e8-bb52-6c626df87d4c;11 020;33 060
00000000091;6bb37a61-46eb-11e9-b637-6c626df87d4c;1;шт;1;00000001052;ee6113c0-4704-11e9-ae24-50465d50a210;24 125;24 125
00000000090;6bb37a5f-46eb-11e9-b637-6c626df87d4c;1;шт;8;00000001001;6801396f-c7a7-11e8-bccc-50465d50a210;1 875;15 000
00000000088;c4b44443-458e-11e9-bfa3-6c626df87f88;1;шт;24;00000000145;b05a3bcf-5d31-11e5-bf62-6c626df87d4c;1 000;24 000
00000000088;c4b44443-458e-11e9-bfa3-6c626df87f88;2;шт;2;00000000926;4f907540-6bb1-11e8-ac0c-6c626df87d4c;12 750;25 500
00000000088;c4b44443-458e-11e9-bfa3-6c626df87f88;3;шт;3;00000000927;4f907542-6bb1-11e8-ac0c-6c626df87d4c;16 425;49 275
00000000087;c4b44442-458e-11e9-bfa3-6c626df87f88;1;шт;24;00000000911;57518a3f-5f26-11e8-8680-6c626df87d4c;1 275;30 600
00000000087;c4b44442-458e-11e9-bfa3-6c626df87f88;2;шт;2;00000000926;4f907540-6bb1-11e8-ac0c-6c626df87d4c;12 750;25 500
00000000087;c4b44442-458e-11e9-bfa3-6c626df87f88;3;шт;3;00000000927;4f907542-6bb1-11e8-ac0c-6c626df87d4c;16 425;49 275
00000000086;847679cb-44a8-11e9-afdb-6c626df87f88;1;кг;850;00000000421;071a283a-3eb0-11e6-9d1d-6c626df87d4c;64,46;54 791
00000000138;87d12501-6441-11e9-80b8-50465d50a210;1;шт;2;00000000698;486579e4-4517-11e7-b839-6c626df87d4c;6 120;12 240
00000000085;d08a3fb9-43e0-11e9-8d88-6c626df87f88;1;шт;6;00000000493;58a17979-7a67-11e6-8233-6c626df87d4c;2 500;15 000
00000000089;a6c915d4-4631-11e9-8214-50465d50a210;1;кг;1 087;00000000531;ea012e98-95d3-11e6-959d-6c626df87d4c;16,33;17 750,71
00000000084;195e35a1-3ff3-11e9-bf8b-50465d50a210;1;шт;12;00000000390;e789b5cc-2963-11e6-91e4-001e8c89ab40;5 175;62 100
00000000083;195e35a0-3ff3-11e9-bf8b-50465d50a210;1;шт;48;00000000080;a56b8a29-306b-11e5-ac26-001e8c89ab40;125;6 000
00000000082;195e359f-3ff3-11e9-bf8b-50465d50a210;1;шт;3;00000000188;d1e9236c-7bae-11e5-9af8-50465d50a210;132;396
00000000081;1cf47215-4006-11e9-91b0-6c626df87f88;1;шт;20;00000000219;720e2a80-934b-11e5-80fb-6c626df87d4c;21 150;423 000
00000000080;8f5922b7-3f36-11e9-be76-50465d50a210;1;шт;12;00000000769;0bfa05d6-9851-11e7-8308-6c626df87d4c;102 020;1 224 240
00000000079;81bab45c-3e3d-11e9-8782-50465d50a210;1;шт;3;00000000085;60bc9d60-35d1-11e5-8b39-6c626df87d4c;980;2 940
00000000079;81bab45c-3e3d-11e9-8782-50465d50a210;2;шт;5;00000000211;63862be5-91b3-11e5-99b4-50465d50a210;750;3 750
00000000079;81bab45c-3e3d-11e9-8782-50465d50a210;3;шт;5;00000000152;61e06812-65cb-11e5-a010-001e8c89ab40;760;3 800
00000000078;acab2b45-3c1c-11e9-a10b-6c626df87f88;1;шт;1;00000000801;80e05c1d-cea5-11e7-b377-50465d50a210;19 000;19 000
00000000077;9dfc9fe7-3c0a-11e9-8054-6c626df87d4c;1;шт;1;00000000798;d3333b9f-c5ee-11e7-9e30-6c626df87d4c;3 500;3 500
00000000076;6092c2af-3b41-11e9-9f2d-6c626df87f88;1;шт;2;00000001051;6092c2ad-3b41-11e9-9f2d-6c626df87f88;1 083,5;2 167
00000000075;26aa4564-398b-11e9-8753-50465d50a210;1;шт;3;00000000068;91162be6-2a05-11e5-b679-50465d50a210;20 925;62 775
00000000070;9fa59050-35d5-11e9-a231-50465d50a210;1;шт;6;00000000503;a6e83940-8559-11e6-8c09-001e8c89ab40;4 275;25 650
00000000074;26aa4563-398b-11e9-8753-50465d50a210;1;шт;1;00000000503;a6e83940-8559-11e6-8c09-001e8c89ab40;3 600;3 600
00000000073;bbbbee26-38c5-11e9-a7e5-50465d50a210;1;шт;1;00000001050;bbbbee27-38c5-11e9-a7e5-50465d50a210;20 832;20 832
00000000072;bbbbee24-38c5-11e9-a7e5-50465d50a210;1;шт;12;00000000865;1912a18c-1d3c-11e8-9d00-6c626df87d4c;240;2 880
00000000072;bbbbee24-38c5-11e9-a7e5-50465d50a210;2;шт;5;00000000779;5279089d-9dda-11e7-b5cd-6c626df87d4c;500;2 500
00000000072;bbbbee24-38c5-11e9-a7e5-50465d50a210;3;шт;1;00000000051;371b25f3-1cc2-11e5-a6e0-6c626df87d4c;37 500;37 500
00000000072;bbbbee24-38c5-11e9-a7e5-50465d50a210;4;шт;3;00000000068;91162be6-2a05-11e5-b679-50465d50a210;19 800;59 400
00000000071;201586fe-3692-11e9-a00a-50465d50a210;1;шт;5;00000000843;169a008d-07ef-11e8-9d7b-6c626df87d4c;2 700;13 500
00000000069;bb82d92b-35c8-11e9-addb-6c626df87f88;1;шт;2;00000000131;bd552950-4d50-11e5-bb1c-6c626df87d4c;8 975;17 950
00000000068;06951261-35af-11e9-a231-50465d50a210;1;шт;2;00000000978;11ee35b8-bd72-11e8-8601-6c626df87d4c;41 468;82 936
00000000067;3a5ee6ca-34e1-11e9-99f0-50465d50a210;1;шт;1;00000000732;6bbbbd0c-6ad0-11e7-82b6-6c626df87d4c;31 870;31 870
00000000067;3a5ee6ca-34e1-11e9-99f0-50465d50a210;2;шт;2;00000001047;3a5ee6cb-34e1-11e9-99f0-50465d50a210;3 900;7 800
00000000065;3a5ee6c5-34e1-11e9-99f0-50465d50a210;1;шт;5;00000000756;b2f166fe-87c5-11e7-b1c5-50465d50a210;8 165;40 825
00000000063;05f51914-341e-11e9-9244-50465d50a210;1;кг;147;00000001046;05f51916-341e-11e9-9244-50465d50a210;73,33;10 779,51
00000000062;b0c78af2-3415-11e9-b250-6c626df87d4c;1;шт;2;00000000156;ed4e87cf-669b-11e5-915c-001e8c89ab40;4 916,66;9 833,32
00000000060;fc9c1d69-310f-11e9-9455-6c626df87d4c;1;шт;1;00000001042;aff1c8e4-29e7-11e9-b6fa-6c626df87d4c;4 500;4 500
00000000060;fc9c1d69-310f-11e9-9455-6c626df87d4c;2;шт;1;00000000241;fd8268c0-a3e4-11e5-ac44-6c626df87f88;4 812,5;4 812,5
00000000061;2ab9af3b-30f7-11e9-99c3-50465d50a210;1;шт;5;00000001044;2ab9af39-30f7-11e9-99c3-50465d50a210;570;2 850
00000000059;2ab9af38-30f7-11e9-99c3-50465d50a210;1;шт;1;00000000272;39a11442-c5ad-11e5-996f-50465d50a210;12 458,32;12 458,32
00000000059;2ab9af38-30f7-11e9-99c3-50465d50a210;2;шт;2;00000000156;ed4e87cf-669b-11e5-915c-001e8c89ab40;4 916,66;9 833,32
00000000058;6df25efe-3035-11e9-bbfa-6c626df87f88;1;шт;5;00000000756;b2f166fe-87c5-11e7-b1c5-50465d50a210;9 800;49 000
00000000057;1550a118-2ebd-11e9-897f-6c626df87f88;1;шт;3;00000001043;1550a116-2ebd-11e9-897f-6c626df87f88;2 700;8 100
00000000056;1550a115-2ebd-11e9-897f-6c626df87f88;1;шт;23;00000000219;720e2a80-934b-11e5-80fb-6c626df87d4c;22 975;528 425
00000000054;9424f1a7-2b8b-11e9-b125-6c626df87f88;1;шт;2;00000000121;c4bf8342-4b12-11e5-a959-6c626df87d4c;1 550;3 100
00000000055;4e57d19f-2b89-11e9-941f-6c626df87d4c;1;шт;1;00000000384;3631cb03-2173-11e6-bfc6-50465d50a210;5 550;5 550
00000000055;4e57d19f-2b89-11e9-941f-6c626df87d4c;2;шт;2;00000000242;fd8268c2-a3e4-11e5-ac44-6c626df87f88;5 550;11 100
00000000053;9424f1a6-2b8b-11e9-b125-6c626df87f88;1;шт;36;00000001010;b53c1eed-db5b-11e8-bb74-6c626df87d4c;795;28 620
00000000052;96fb6941-2b83-11e9-b9e0-50465d50a210;1;шт;2;00000000246;a694c655-baae-11e5-bf97-6c626df87d4c;41 665;83 330
00000000052;96fb6941-2b83-11e9-b9e0-50465d50a210;2;шт;4;00000000212;1f8ddbc2-929f-11e5-bcb0-001e8c89ab40;4 812,5;19 250
00000000051;aff1c8e6-29e7-11e9-b6fa-6c626df87d4c;1;шт;1;00000001042;aff1c8e4-29e7-11e9-b6fa-6c626df87d4c;4 230;4 230
00000000050;d7874b83-2619-11e9-b5dd-6c626df87d4c;1;шт;1;00000001060;4b70684e-4fa1-11e9-bf96-50465d50a210;49 500;49 500
00000000050;d7874b83-2619-11e9-b5dd-6c626df87d4c;2;шт;5;00000001061;4b706850-4fa1-11e9-bf96-50465d50a210;1 980;9 900
00000000049;d7874b82-2619-11e9-b5dd-6c626df87d4c;1;шт;6;00000000009;bb65b576-1b1c-11e5-aa26-6c626df87d4c;6 525;39 150
00000000049;d7874b82-2619-11e9-b5dd-6c626df87d4c;2;л;160;00000000614;f0045a35-ef59-11e6-8e8c-6c626df87d4c;121,88;19 500,8
00000000049;d7874b82-2619-11e9-b5dd-6c626df87d4c;3;шт;4;00000000086;60bc9d62-35d1-11e5-8b39-6c626df87d4c;650;2 600
00000000049;d7874b82-2619-11e9-b5dd-6c626df87d4c;4;шт;2;00000000636;de43e5c5-0571-11e7-a4c3-6c626df87f88;1 925;3 850
00000000049;d7874b82-2619-11e9-b5dd-6c626df87d4c;5;шт;1;00000001037;e2294162-1e13-11e9-ba32-6c626df87d4c;1 725;1 725
00000000046;7e8a835c-25f2-11e9-b5dd-6c626df87d4c;1;шт;1;00000001041;7e8a835a-25f2-11e9-b5dd-6c626df87d4c;5 800;5 800
00000000048;d7874b81-2619-11e9-b5dd-6c626df87d4c;1;шт;1;00000000801;80e05c1d-cea5-11e7-b377-50465d50a210;19 000;19 000
00000000047;7e8a835d-25f2-11e9-b5dd-6c626df87d4c;1;шт;10;00000000735;67ea9f7f-711e-11e7-a4e3-6c626df87f88;225;2 250
00000000045;7e8a833f-25f2-11e9-b5dd-6c626df87d4c;1;кг;850;00000000421;071a283a-3eb0-11e6-9d1d-6c626df87d4c;64,95;55 207,5
00000000044;7e8a833e-25f2-11e9-b5dd-6c626df87d4c;1;шт;4;00000000090;92d9e99d-3782-11e5-a9c7-6c626df87d4c;14 950;59 800
00000000043;39dd4dbe-252e-11e9-90dc-6c626df87d4c;1;шт;2;00000001032;bdb07eaa-17ed-11e9-9aab-6c626df87d4c;7 836;15 672
00000000043;39dd4dbe-252e-11e9-90dc-6c626df87d4c;2;шт;13;00000000155;ed4e87cc-669b-11e5-915c-001e8c89ab40;25 392;330 096
00000000043;39dd4dbe-252e-11e9-90dc-6c626df87d4c;3;шт;1;00000001033;bdb07ead-17ed-11e9-9aab-6c626df87d4c;626 496;626 496
00000000043;39dd4dbe-252e-11e9-90dc-6c626df87d4c;4;шт;1;00000000254;08c0b12f-bdcc-11e5-8141-001e8c89ab40;222 618;222 618
00000000043;39dd4dbe-252e-11e9-90dc-6c626df87d4c;5;шт;2;00000001035;1045aadb-18ba-11e9-b635-6c626df87d4c;163 260;326 520
00000000041;2191c3db-253d-11e9-adee-6c626df87f88;1;шт;10;00000000229;3be3f8e3-9992-11e5-aa01-50465d50a210;20 665;206 650
00000000041;2191c3db-253d-11e9-adee-6c626df87f88;2;шт;5;00000000230;3be3f8e5-9992-11e5-aa01-50465d50a210;22 500;112 500
00000000039;5cbb51ac-2466-11e9-8e72-6c626df87d4c;1;шт;1;00000000376;e9be7721-1b24-11e6-8ec3-50465d50a210;18 750;18 750
00000000038;99dd6a1d-fc68-11e8-8561-6c626df87f88;1;шт;1;00000000281;a1153d84-c99e-11e5-af37-6c626df87d4c;45 995,76;45 995,76
00000000038;99dd6a1d-fc68-11e8-8561-6c626df87f88;2;шт;10;00000000928;23674313-6ed6-11e8-8eda-6c626df87d4c;13 900;139 000
00000000037;70fa2667-23b9-11e9-a305-6c626df87d4c;1;шт;2;00000001032;bdb07eaa-17ed-11e9-9aab-6c626df87d4c;7 836;15 672
00000000037;70fa2667-23b9-11e9-a305-6c626df87d4c;2;шт;13;00000000155;ed4e87cc-669b-11e5-915c-001e8c89ab40;25 392;330 096
00000000037;70fa2667-23b9-11e9-a305-6c626df87d4c;3;шт;1;00000001033;bdb07ead-17ed-11e9-9aab-6c626df87d4c;626 496;626 496
00000000037;70fa2667-23b9-11e9-a305-6c626df87d4c;4;шт;1;00000000254;08c0b12f-bdcc-11e5-8141-001e8c89ab40;222 618;222 618
00000000037;70fa2667-23b9-11e9-a305-6c626df87d4c;5;шт;15;00000001034;bdb07eaf-17ed-11e9-9aab-6c626df87d4c;9 840;147 600
00000000037;70fa2667-23b9-11e9-a305-6c626df87d4c;6;шт;2;00000001035;1045aadb-18ba-11e9-b635-6c626df87d4c;163 260;326 520
00000000036;70fa2666-23b9-11e9-a305-6c626df87d4c;1;шт;2;00000001032;bdb07eaa-17ed-11e9-9aab-6c626df87d4c;7 836;15 672
00000000036;70fa2666-23b9-11e9-a305-6c626df87d4c;2;шт;13;00000000155;ed4e87cc-669b-11e5-915c-001e8c89ab40;25 392;330 096
00000000036;70fa2666-23b9-11e9-a305-6c626df87d4c;3;шт;1;00000001033;bdb07ead-17ed-11e9-9aab-6c626df87d4c;626 496;626 496
00000000036;70fa2666-23b9-11e9-a305-6c626df87d4c;4;шт;24;00000000250;08c0b128-bdcc-11e5-8141-001e8c89ab40;13 476;323 424
00000000036;70fa2666-23b9-11e9-a305-6c626df87d4c;5;шт;15;00000001034;bdb07eaf-17ed-11e9-9aab-6c626df87d4c;9 840;147 600
00000000036;70fa2666-23b9-11e9-a305-6c626df87d4c;6;шт;2;00000001035;1045aadb-18ba-11e9-b635-6c626df87d4c;163 260;326 520
00000000035;96df0b94-23a3-11e9-a305-6c626df87d4c;1;шт;46;00000000336;c22cc32b-f4c6-11e5-9ae6-001e8c89ab40;13 860;637 560
00000000034;96df0b93-23a3-11e9-a305-6c626df87d4c;1;шт;27;00000000051;371b25f3-1cc2-11e5-a6e0-6c626df87d4c;44 780;1 209 060
00000000032;96df0b90-23a3-11e9-a305-6c626df87d4c;1;шт;2;00000000978;11ee35b8-bd72-11e8-8601-6c626df87d4c;48 500;97 000
00000000033;fb95d48b-23ac-11e9-84af-6c626df87f88;1;шт;2;00000000212;1f8ddbc2-929f-11e5-bcb0-001e8c89ab40;4 833,33;9 666,66
00000000031;343c2fe4-2396-11e9-9bb8-50465d50a210;1;шт;1;00000001039;96df0b8c-23a3-11e9-a305-6c626df87d4c;6 500;6 500
00000000030;1ada828d-22e6-11e9-9bb8-50465d50a210;1;шт;13;00000000075;8e7f64c5-2c6c-11e5-8cd4-50465d50a210;283,33;3 683,29
00000000030;1ada828d-22e6-11e9-9bb8-50465d50a210;3;шт;20;00000000779;5279089d-9dda-11e7-b5cd-6c626df87d4c;412,5;8 250
00000000030;1ada828d-22e6-11e9-9bb8-50465d50a210;4;л;40;00000000839;d42240aa-0031-11e8-8a5d-50465d50a210;385,21;15 408,4
00000000030;1ada828d-22e6-11e9-9bb8-50465d50a210;5;шт;20;00000000149;61e0680c-65cb-11e5-a010-001e8c89ab40;2 695,83;53 916,6
00000000030;1ada828d-22e6-11e9-9bb8-50465d50a210;6;л;400;00000000837;d42240a7-0031-11e8-8a5d-50465d50a210;58,78;23 512
00000000030;1ada828d-22e6-11e9-9bb8-50465d50a210;2;шт;2;00000000696;ed8e831f-4442-11e7-82ce-6c626df87d4c;1 379,17;2 758,34
00000000029;7a16bfbf-22e1-11e9-99a9-6c626df87d4c;1;шт;4;00000000893;22180591-4860-11e8-a81a-6c626df87d4c;19 525;78 100
00000000028;aa981d17-1fbf-11e9-ad55-6c626df87f88;1;шт;2;00000000009;bb65b576-1b1c-11e5-aa26-6c626df87d4c;5 750;11 500
00000000027;21e8629b-1f13-11e9-9693-6c626df87f88;1;шт;3;00000000843;169a008d-07ef-11e8-9d7b-6c626df87d4c;2 700;8 100
00000000026;97a8e1c2-1e4c-11e9-88ab-6c626df87f88;1;шт;3;00000000468;9792c953-65f3-11e6-b959-6c626df87d4c;26 225;78 675
00000000025;97a8e1c1-1e4c-11e9-88ab-6c626df87f88;1;шт;3;00000000068;91162be6-2a05-11e5-b679-50465d50a210;20 350;61 050
00000000024;e2294165-1e13-11e9-ba32-6c626df87d4c;1;шт;8;00000000329;04edf030-ef67-11e5-8d7a-6c626df87f88;5 900;47 200
00000000023;e2294164-1e13-11e9-ba32-6c626df87d4c;1;шт;1;00000001037;e2294162-1e13-11e9-ba32-6c626df87d4c;1 800;1 800
00000000022;9ac70f9a-1afa-11e9-a4b7-50465d50a210;1;шт;2;00000000090;92d9e99d-3782-11e5-a9c7-6c626df87d4c;14 995;29 990
00000000021;9b59afcd-1a5d-11e9-bb5e-6c626df87f88;1;шт;6;00000000503;a6e83940-8559-11e6-8c09-001e8c89ab40;4 310;25 860
00000000020;db892c6e-1a2d-11e9-9643-50465d50a210;1;шт;1;00000000246;a694c655-baae-11e5-bf97-6c626df87d4c;41 660;41 660
00000000016;77d42326-1997-11e9-ba01-6c626df87d4c;1;шт;2;00000001032;bdb07eaa-17ed-11e9-9aab-6c626df87d4c;7 836;15 672
00000000016;77d42326-1997-11e9-ba01-6c626df87d4c;2;шт;13;00000000155;ed4e87cc-669b-11e5-915c-001e8c89ab40;25 392;330 096
00000000016;77d42326-1997-11e9-ba01-6c626df87d4c;3;шт;1;00000001033;bdb07ead-17ed-11e9-9aab-6c626df87d4c;626 496;626 496
00000000016;77d42326-1997-11e9-ba01-6c626df87d4c;4;шт;24;00000000250;08c0b128-bdcc-11e5-8141-001e8c89ab40;13 476;323 424
00000000016;77d42326-1997-11e9-ba01-6c626df87d4c;5;шт;15;00000001034;bdb07eaf-17ed-11e9-9aab-6c626df87d4c;9 840;147 600
00000000016;77d42326-1997-11e9-ba01-6c626df87d4c;6;шт;1;00000001035;1045aadb-18ba-11e9-b635-6c626df87d4c;163 260;163 260
00000000017;77d42327-1997-11e9-ba01-6c626df87d4c;1;шт;2;00000001032;bdb07eaa-17ed-11e9-9aab-6c626df87d4c;7 596;15 192
00000000017;77d42327-1997-11e9-ba01-6c626df87d4c;2;шт;13;00000000155;ed4e87cc-669b-11e5-915c-001e8c89ab40;25 044;325 572
00000000017;77d42327-1997-11e9-ba01-6c626df87d4c;3;шт;1;00000001033;bdb07ead-17ed-11e9-9aab-6c626df87d4c;628 026;628 026
00000000017;77d42327-1997-11e9-ba01-6c626df87d4c;4;шт;24;00000000250;08c0b128-bdcc-11e5-8141-001e8c89ab40;13 218;317 232
00000000017;77d42327-1997-11e9-ba01-6c626df87d4c;5;шт;15;00000001034;bdb07eaf-17ed-11e9-9aab-6c626df87d4c;9 456;141 840
00000000017;77d42327-1997-11e9-ba01-6c626df87d4c;6;шт;1;00000001035;1045aadb-18ba-11e9-b635-6c626df87d4c;160 176;160 176
00000000019;77d42329-1997-11e9-ba01-6c626df87d4c;1;шт;2;00000001032;bdb07eaa-17ed-11e9-9aab-6c626df87d4c;7 596;15 192
00000000019;77d42329-1997-11e9-ba01-6c626df87d4c;2;шт;13;00000000155;ed4e87cc-669b-11e5-915c-001e8c89ab40;25 044;325 572
00000000019;77d42329-1997-11e9-ba01-6c626df87d4c;3;шт;1;00000001033;bdb07ead-17ed-11e9-9aab-6c626df87d4c;628 026;628 026
00000000019;77d42329-1997-11e9-ba01-6c626df87d4c;4;шт;1;00000000254;08c0b12f-bdcc-11e5-8141-001e8c89ab40;213 756;213 756
00000000019;77d42329-1997-11e9-ba01-6c626df87d4c;5;шт;15;00000001034;bdb07eaf-17ed-11e9-9aab-6c626df87d4c;9 456;141 840
00000000019;77d42329-1997-11e9-ba01-6c626df87d4c;6;шт;1;00000001035;1045aadb-18ba-11e9-b635-6c626df87d4c;160 176;160 176
00000000018;77d42328-1997-11e9-ba01-6c626df87d4c;1;шт;2;00000001032;bdb07eaa-17ed-11e9-9aab-6c626df87d4c;7 836;15 672
00000000018;77d42328-1997-11e9-ba01-6c626df87d4c;2;шт;13;00000000155;ed4e87cc-669b-11e5-915c-001e8c89ab40;25 392;330 096
00000000018;77d42328-1997-11e9-ba01-6c626df87d4c;3;шт;1;00000001033;bdb07ead-17ed-11e9-9aab-6c626df87d4c;626 496;626 496
00000000018;77d42328-1997-11e9-ba01-6c626df87d4c;4;шт;1;00000000254;08c0b12f-bdcc-11e5-8141-001e8c89ab40;222 618;222 618
00000000018;77d42328-1997-11e9-ba01-6c626df87d4c;5;шт;15;00000001034;bdb07eaf-17ed-11e9-9aab-6c626df87d4c;9 840;147 600
00000000018;77d42328-1997-11e9-ba01-6c626df87d4c;6;шт;1;00000001035;1045aadb-18ba-11e9-b635-6c626df87d4c;163 260;163 260
00000000014;bdb07eac-17ed-11e9-9aab-6c626df87d4c;2;шт;13;00000000155;ed4e87cc-669b-11e5-915c-001e8c89ab40;23 856;310 128
00000000014;bdb07eac-17ed-11e9-9aab-6c626df87d4c;3;шт;1;00000001033;bdb07ead-17ed-11e9-9aab-6c626df87d4c;598 044;598 044
00000000014;bdb07eac-17ed-11e9-9aab-6c626df87d4c;4;шт;24;00000000250;08c0b128-bdcc-11e5-8141-001e8c89ab40;12 594;302 256
00000000014;bdb07eac-17ed-11e9-9aab-6c626df87d4c;5;шт;15;00000001034;bdb07eaf-17ed-11e9-9aab-6c626df87d4c;8 988;134 820
00000000014;bdb07eac-17ed-11e9-9aab-6c626df87d4c;6;шт;1;00000001035;1045aadb-18ba-11e9-b635-6c626df87d4c;152 480;152 480
00000000014;bdb07eac-17ed-11e9-9aab-6c626df87d4c;1;шт;6;00000001032;bdb07eaa-17ed-11e9-9aab-6c626df87d4c;5 400;32 400
00000000015;bdb07eb1-17ed-11e9-9aab-6c626df87d4c;1;шт;1;00000000129;74761b5b-4cac-11e5-b720-6c626df87d4c;14 148;14 148
00000000015;bdb07eb1-17ed-11e9-9aab-6c626df87d4c;2;шт;2;00000000461;075071a3-5df2-11e6-8298-50465d50a210;15 348;30 696
00000000015;bdb07eb1-17ed-11e9-9aab-6c626df87d4c;3;шт;15;00000000319;0303b4d8-ea90-11e5-b0e5-6c626df87d4c;330;4 950
00000000013;bdb07ea9-17ed-11e9-9aab-6c626df87d4c;1;шт;2;00000000982;3d87e078-bfdf-11e8-abf3-6c626df87d4c;48 325;96 650
00000000012;c9c3f07b-15a3-11e9-9a80-6c626df87d4c;1;шт;2;00000000115;e54ad5b7-4579-11e5-81f8-6c626df87d4c;14 110;28 220
00000000008;b5b3ec26-158a-11e9-9a80-6c626df87d4c;1;шт;9;00000000377;4adff516-1c26-11e6-af07-6c626df87d4c;735;6 615
00000000010;e9a26b43-158b-11e9-852d-6c626df87f88;1;шт;3;00000000465;0cd7ac85-6459-11e6-9f8b-6c626df87f88;4 750;14 250
00000000009;b5b3ec27-158a-11e9-9a80-6c626df87d4c;1;шт;30;00000000333;6fff5d59-f19a-11e5-bd56-6c626df87d4c;1 800;54 000
00000000011;042855f5-1593-11e9-852d-6c626df87f88;1;шт;3;00000000068;91162be6-2a05-11e5-b679-50465d50a210;21 250;63 750
00000000007;2c6b215c-14c9-11e9-83c4-6c626df87f88;1;шт;50;00000000068;91162be6-2a05-11e5-b679-50465d50a210;20 000;1 000 000
00000000006;2c6b215b-14c9-11e9-83c4-6c626df87f88;1;шт;3;00000000793;f75dc213-b889-11e7-b023-6c626df87d4c;21 500;64 500
00000000005;2c6b215a-14c9-11e9-83c4-6c626df87f88;1;шт;50;00000000643;d9396ed6-0e37-11e7-9c8a-6c626df87d4c;4 925;246 250
00000000004;2c6b2159-14c9-11e9-83c4-6c626df87f88;1;шт;1;00000000317;0303b4d1-ea90-11e5-b0e5-6c626df87d4c;70 550;70 550
00000000004;2c6b2159-14c9-11e9-83c4-6c626df87f88;2;шт;1;00000000961;33a7a00a-ab58-11e8-b1e7-6c626df87d4c;53 800;53 800
00000000004;2c6b2159-14c9-11e9-83c4-6c626df87f88;3;шт;2;00000000432;4c6ebe96-4757-11e6-bba6-6c626df87f88;13 600;27 200
00000000004;2c6b2159-14c9-11e9-83c4-6c626df87f88;4;шт;1;00000000566;fe686f6c-aca9-11e6-ab99-001e8c89ab40;75 300;75 300
00000000003;d6f999ba-14aa-11e9-8363-50465d50a210;1;шт;1;00000000801;80e05c1d-cea5-11e7-b377-50465d50a210;19 000;19 000
00000000002;6dbf391c-13f1-11e9-8f4f-6c626df87d4c;1;шт;60;00000000643;d9396ed6-0e37-11e7-9c8a-6c626df87d4c;18 000;1 080 000
00000000001;6dbf391b-13f1-11e9-8f4f-6c626df87d4c;1;шт;40;00000001031;6dbf3919-13f1-11e9-8f4f-6c626df87d4c;37 500;1 500 000
