00000000001;7684f230-f51e-11e7-ac3f-6c626df87d4c;1;шт;2;00000000090;92d9e99d-3782-11e5-a9c7-6c626df87d4c;13 450;26 900
00000000001;7684f230-f51e-11e7-ac3f-6c626df87d4c;2;шт;3;00000000188;d1e9236c-7bae-11e5-9af8-50465d50a210;120;360
00000000002;7684f231-f51e-11e7-ac3f-6c626df87d4c;1;шт;8;00000000626;e29512b6-0311-11e7-891a-001e8c89ab40;1 200;9 600
00000000003;2de619fa-f5db-11e7-bba8-6c626df87d4c;1;шт;10;00000000828;2de619f8-f5db-11e7-bba8-6c626df87d4c;72 033,89;720 338,9
00000000003;2de619fa-f5db-11e7-bba8-6c626df87d4c;2;шт;10;00000000827;2de619f6-f5db-11e7-bba8-6c626df87d4c;68 220,34;682 203,4
00000000004;2de619fd-f5db-11e7-bba8-6c626df87d4c;1;шт;2;00000000829;2de619fb-f5db-11e7-bba8-6c626df87d4c;19 850;39 700
00000000006;1b98744b-f6a1-11e7-9c9a-6c626df87d4c;1;шт;12;00000000830;1b987449-f6a1-11e7-9c9a-6c626df87d4c;1 009,34;12 112,13
00000000007;1b98744c-f6a1-11e7-9c9a-6c626df87d4c;1;шт;6;00000000769;0bfa05d6-9851-11e7-8308-6c626df87d4c;1 285;7 710
00000000005;1b987448-f6a1-11e7-9c9a-6c626df87d4c;1;шт;1;00000000036;ae5e7d4c-1cac-11e5-a6e0-6c626df87d4c;1 300;1 300
00000000005;1b987448-f6a1-11e7-9c9a-6c626df87d4c;2;шт;1;00000000062;30b307d0-2624-11e5-a6d5-6c626df87d4c;19 750;19 750
00000000008;c62bca0c-f9c9-11e7-8402-50465d50a210;1;шт;1;00000000604;fced48cc-c680-11e6-9689-6c626df87f88;6 475;6 475
00000000009;f6c55aa7-d665-11e7-871d-6c626df87d4c;1;шт;1;00000000817;f6c55aa5-d665-11e7-871d-6c626df87d4c;69 750;69 750
00000000010;582cb4e5-fab2-11e7-a216-6c626df87d4c;1;шт;1;00000000191;a8427292-7c9d-11e5-b892-6c626df87d4c;19 450;19 450
00000000011;e0ae72ea-fb49-11e7-828e-6c626df87d4c;1;шт;12;00000000619;5a1056ff-fe68-11e6-adab-6c626df87d4c;195;2 340
00000000012;071ef4bc-fc11-11e7-a247-6c626df87d4c;1;шт;3;00000000068;91162be6-2a05-11e5-b679-50465d50a210;18 600;55 800
00000000015;071ef4cd-fc11-11e7-a247-6c626df87d4c;1;шт;55;00000000135;dba279d1-514c-11e5-a961-6c626df87d4c;12 033,9;661 864,5
00000000016;071ef4ce-fc11-11e7-a247-6c626df87d4c;1;шт;8;00000000661;88c05568-1b93-11e7-a4a2-6c626df87f88;10 588,98;84 711,84
00000000013;071ef4cb-fc11-11e7-a247-6c626df87d4c;1;шт;83;00000000031;fde1035b-1c10-11e5-8eb2-6c626df87d4c;10 847,46;900 339,18
00000000017;071ef4cc-fc11-11e7-a247-6c626df87d4c;1;шт;55;00000000461;075071a3-5df2-11e6-8298-50465d50a210;11 483,05;631 567,75
00000000018;071ef4cf-fc11-11e7-a247-6c626df87d4c;1;шт;1;00000000360;69622dc2-0bb1-11e6-832c-6c626df87f88;11 500;11 500
00000000019;16802915-fcfd-11e7-ab0f-50465d50a210;1;шт;4;00000000009;bb65b576-1b1c-11e5-aa26-6c626df87d4c;5 500;22 000
00000000020;e8f86eb5-fcf4-11e7-9cf5-6c626df87d4c;1;шт;8;00000000329;04edf030-ef67-11e5-8d7a-6c626df87f88;5 450;43 600
00000000020;e8f86eb5-fcf4-11e7-9cf5-6c626df87d4c;2;шт;2;00000000317;0303b4d1-ea90-11e5-b0e5-6c626df87d4c;57 255;114 510
00000000020;e8f86eb5-fcf4-11e7-9cf5-6c626df87d4c;3;шт;6;00000000567;fe686f6e-aca9-11e6-ab99-001e8c89ab40;5 060;30 360
00000000020;e8f86eb5-fcf4-11e7-9cf5-6c626df87d4c;4;шт;3;00000000432;4c6ebe96-4757-11e6-bba6-6c626df87f88;11 300;33 900
00000000020;e8f86eb5-fcf4-11e7-9cf5-6c626df87d4c;5;шт;3;00000000792;b4bbc454-b013-11e7-9aa6-6c626df87f88;12 975;38 925
00000000021;e8f86eba-fcf4-11e7-9cf5-6c626df87d4c;1;кг;1 087;00000000531;ea012e98-95d3-11e6-959d-6c626df87d4c;15,18;16 500,66
00000000022;e8f86ebb-fcf4-11e7-9cf5-6c626df87d4c;1;шт;1;00000000360;69622dc2-0bb1-11e6-832c-6c626df87f88;10 775;10 775
00000000023;e8f86ec3-fcf4-11e7-9cf5-6c626df87d4c;1;шт;3;00000000236;06c2dc0b-9cb8-11e5-9777-6c626df87d4c;4 900;14 700
00000000024;b5aacae9-ff50-11e7-a4eb-6c626df87f88;1;шт;3;00000000831;b5aacae7-ff50-11e7-a4eb-6c626df87f88;6 375;19 125
00000000054;fb9a23ea-153c-11e8-812a-6c626df87d4c;1;шт;2;00000000068;91162be6-2a05-11e5-b679-50465d50a210;18 775;37 550
00000000025;d42240ac-0031-11e8-8a5d-50465d50a210;1;л;396;00000000832;d422409d-0031-11e8-8a5d-50465d50a210;149,48;59 194,08
00000000025;d42240ac-0031-11e8-8a5d-50465d50a210;2;л;400;00000000833;d422409f-0031-11e8-8a5d-50465d50a210;143,48;57 392
00000000025;d42240ac-0031-11e8-8a5d-50465d50a210;3;л;209;00000000834;d42240a1-0031-11e8-8a5d-50465d50a210;135,84;28 390,56
00000000025;d42240ac-0031-11e8-8a5d-50465d50a210;4;л;208;00000000835;d42240a3-0031-11e8-8a5d-50465d50a210;126,1;26 228,8
00000000025;d42240ac-0031-11e8-8a5d-50465d50a210;5;л;200;00000000836;d42240a5-0031-11e8-8a5d-50465d50a210;146,19;29 238
00000000025;d42240ac-0031-11e8-8a5d-50465d50a210;6;л;300;00000000837;d42240a7-0031-11e8-8a5d-50465d50a210;51,27;15 381
00000000025;d42240ac-0031-11e8-8a5d-50465d50a210;7;л;100;00000000839;d42240aa-0031-11e8-8a5d-50465d50a210;280,72;28 072
00000000026;d42240ad-0031-11e8-8a5d-50465d50a210;1;л;400;00000000833;d422409f-0031-11e8-8a5d-50465d50a210;143,48;57 392
00000000026;d42240ad-0031-11e8-8a5d-50465d50a210;2;л;209;00000000834;d42240a1-0031-11e8-8a5d-50465d50a210;135,84;28 390,56
00000000026;d42240ad-0031-11e8-8a5d-50465d50a210;3;л;208;00000000835;d42240a3-0031-11e8-8a5d-50465d50a210;126,1;26 228,8
00000000026;d42240ad-0031-11e8-8a5d-50465d50a210;4;л;300;00000000837;d42240a7-0031-11e8-8a5d-50465d50a210;51,27;15 381
00000000026;d42240ad-0031-11e8-8a5d-50465d50a210;5;л;100;00000000839;d42240aa-0031-11e8-8a5d-50465d50a210;280,72;28 072
00000000027;d42240ae-0031-11e8-8a5d-50465d50a210;1;л;209;00000000834;d42240a1-0031-11e8-8a5d-50465d50a210;135,84;28 390,56
00000000027;d42240ae-0031-11e8-8a5d-50465d50a210;2;л;200;00000000835;d42240a3-0031-11e8-8a5d-50465d50a210;146,19;29 238
00000000027;d42240ae-0031-11e8-8a5d-50465d50a210;3;л;100;00000000839;d42240aa-0031-11e8-8a5d-50465d50a210;280,72;28 072
00000000028;9e570ec7-00ef-11e8-a496-6c626df87f88;1;шт;8;00000000329;04edf030-ef67-11e5-8d7a-6c626df87f88;5 425;43 400
00000000028;9e570ec7-00ef-11e8-a496-6c626df87f88;2;шт;1;00000000318;0303b4d4-ea90-11e5-b0e5-6c626df87d4c;28 600;28 600
00000000029;298187f4-025a-11e8-a20c-6c626df87d4c;1;шт;10;00000000086;60bc9d62-35d1-11e5-8b39-6c626df87d4c;575;5 750
00000000030;6b47a7f8-028b-11e8-81cd-6c626df87d4c;1;шт;1;00000000084;843645cb-3458-11e5-a6e8-6c626df87d4c;3 119;3 119
00000000030;6b47a7f8-028b-11e8-81cd-6c626df87d4c;2;шт;24;00000000288;c49f2d6f-cf0f-11e5-9868-6c626df87d4c;325;7 800
00000000031;b86e2b30-04d1-11e8-a568-6c626df87f88;1;шт;2;00000000400;1f0cc89b-32e0-11e6-83a6-6c626df87d4c;2 750;5 500
00000000032;4cdfd801-04e0-11e8-b020-50465d50a210;1;шт;1;00000000376;e9be7721-1b24-11e6-8ec3-50465d50a210;17 275;17 275
00000000034;c22ca6be-0591-11e8-82e5-6c626df87d4c;1;шт;5;00000000691;07e5f5a7-405e-11e7-a667-001e8c89ab40;1 741,53;8 707,65
00000000033;c22ca6bd-0591-11e8-82e5-6c626df87d4c;1;л;1 200;00000000274;5d1f7545-c98d-11e5-af37-6c626df87d4c;52,33;62 796
00000000035;88cfacea-0734-11e8-a0d2-6c626df87f88;1;шт;6;00000000842;88cface8-0734-11e8-a0d2-6c626df87f88;260;1 560
00000000036;169a008f-07ef-11e8-9d7b-6c626df87d4c;1;шт;4;00000000843;169a008d-07ef-11e8-9d7b-6c626df87d4c;2 125;8 500
00000000037;882059a1-0a47-11e8-847a-6c626df87f88;1;шт;4;00000000090;92d9e99d-3782-11e5-a9c7-6c626df87d4c;13 375;53 500
00000000038;e3c77d17-0a65-11e8-a4d3-50465d50a210;1;шт;7;00000000844;e3c77d15-0a65-11e8-a4d3-50465d50a210;9 225;64 575
00000000039;eafbd80f-0b0e-11e8-9c8f-6c626df87d4c;1;шт;10;00000000309;b6a7a0c5-df86-11e5-aa87-6c626df87d4c;85;850
00000000040;eafbd810-0b0e-11e8-9c8f-6c626df87d4c;1;шт;5;00000000756;b2f166fe-87c5-11e7-b1c5-50465d50a210;8 995;44 975
00000000041;cb84ff6d-0bd9-11e8-940a-50465d50a210;1;л;80;00000000845;cb84ff6b-0bd9-11e8-940a-50465d50a210;211,65;16 932
00000000042;cb84ff6e-0bd9-11e8-940a-50465d50a210;1;шт;2;00000000009;bb65b576-1b1c-11e5-aa26-6c626df87d4c;5 650;11 300
00000000043;e3551db0-0c99-11e8-8294-6c626df87d4c;1;шт;3;00000000846;e3551dae-0c99-11e8-8294-6c626df87d4c;15 677,97;47 033,91
00000000044;81653386-0d5f-11e8-82ca-6c626df87d4c;1;шт;3;00000000756;b2f166fe-87c5-11e7-b1c5-50465d50a210;9 050;27 150
00000000045;81653387-0d5f-11e8-82ca-6c626df87d4c;1;шт;2;00000000068;91162be6-2a05-11e5-b679-50465d50a210;19 450;38 900
00000000046;af86c2c6-1097-11e8-a504-6c626df87f88;1;шт;3;00000000847;af86c2c4-1097-11e8-a504-6c626df87f88;900;2 700
00000000046;af86c2c6-1097-11e8-a504-6c626df87f88;2;шт;2;00000000129;74761b5b-4cac-11e5-b720-6c626df87d4c;12 000;24 000
00000000048;7d9546b3-1181-11e8-b6ae-6c626df87f88;1;шт;2;00000000076;8e7f64cb-2c6c-11e5-8cd4-50465d50a210;11 500;23 000
00000000049;7d9546b4-1181-11e8-b6ae-6c626df87f88;1;шт;2;00000000036;ae5e7d4c-1cac-11e5-a6e0-6c626df87d4c;1 525;3 050
00000000050;7d9546b9-1181-11e8-b6ae-6c626df87f88;1;л;60;00000000848;7d9546b5-1181-11e8-b6ae-6c626df87f88;67,8;4 068
00000000050;7d9546b9-1181-11e8-b6ae-6c626df87f88;2;л;64,5;00000000849;7d9546b7-1181-11e8-b6ae-6c626df87f88;84,94;5 478,63
00000000051;7d9546bc-1181-11e8-b6ae-6c626df87f88;1;л;60;00000000848;7d9546b5-1181-11e8-b6ae-6c626df87f88;67,8;4 068
00000000051;7d9546bc-1181-11e8-b6ae-6c626df87f88;2;л;60;00000000850;7d9546ba-1181-11e8-b6ae-6c626df87f88;193,85;11 631
00000000052;3bb59ea5-1236-11e8-a8f9-6c626df87d4c;1;шт;10;00000000211;63862be5-91b3-11e5-99b4-50465d50a210;715;7 150
00000000052;3bb59ea5-1236-11e8-a8f9-6c626df87d4c;2;шт;2;00000000372;c5748ffb-1736-11e6-bf4f-50465d50a210;3 100;6 200
00000000053;df3fc98b-12e6-11e8-817e-6c626df87d4c;1;л;40;00000000845;cb84ff6b-0bd9-11e8-940a-50465d50a210;216,11;8 644,4
00000000056;9aee6b7b-1542-11e8-a4b4-6c626df87f88;1;шт;1;00000000129;74761b5b-4cac-11e5-b720-6c626df87d4c;11 250;11 250
00000000055;fb9a23ed-153c-11e8-812a-6c626df87d4c;1;шт;5;00000000031;fde1035b-1c10-11e5-8eb2-6c626df87d4c;9 406,78;47 033,9
00000000055;fb9a23ed-153c-11e8-812a-6c626df87d4c;2;шт;18;00000000461;075071a3-5df2-11e6-8298-50465d50a210;9 406,78;169 322,04
00000000057;f5499920-1634-11e8-96c2-6c626df87f88;1;шт;2;00000000131;bd552950-4d50-11e5-bb1c-6c626df87d4c;7 625;15 250
00000000058;f5499921-1634-11e8-96c2-6c626df87f88;1;шт;1;00000000101;146da9b9-40d6-11e5-957f-50465d50a210;11 275;11 275
00000000060;8771809c-16ce-11e8-a68a-6c626df87d4c;1;шт;2;00000000640;e27f40b4-0d53-11e7-83dc-6c626df87d4c;1 575;3 150
00000000060;8771809c-16ce-11e8-a68a-6c626df87d4c;2;шт;30;00000000852;8771809a-16ce-11e8-a68a-6c626df87d4c;220;6 600
00000000061;8771809d-16ce-11e8-a68a-6c626df87d4c;1;шт;24;00000000185;7b414801-765b-11e5-b1ca-6c626df87f88;1 656,78;39 762,72
00000000062;59d90572-17a3-11e8-a4b5-6c626df87f88;1;шт;4;00000000205;72bbed80-8d0f-11e5-b6bf-6c626df87f88;35 500;142 000
00000000063;9fd4d83d-17aa-11e8-a6c1-6c626df87d4c;1;шт;1;00000000063;26e84686-262a-11e5-8985-50465d50a210;22 266,95;22 266,95
00000000063;9fd4d83d-17aa-11e8-a6c1-6c626df87d4c;2;шт;8;00000000064;26e84688-262a-11e5-8985-50465d50a210;22 266,95;178 135,6
00000000063;9fd4d83d-17aa-11e8-a6c1-6c626df87d4c;3;шт;6;00000000261;08c0b13e-bdcc-11e5-8141-001e8c89ab40;222 415,25;1 334 491,5
00000000064;96debce9-1ad1-11e8-9dca-6c626df87d4c;1;шт;50;00000000853;96debce7-1ad1-11e8-9dca-6c626df87d4c;50;2 500
00000000065;9b37ae4a-1ad9-11e8-b2b9-6c626df87f88;1;шт;4;00000000205;72bbed80-8d0f-11e5-b6bf-6c626df87f88;27 500;110 000
00000000066;96debcf4-1ad1-11e8-9dca-6c626df87d4c;1;шт;3;00000000068;91162be6-2a05-11e5-b679-50465d50a210;18 600;55 800
00000000067;2cd42e49-1b9b-11e8-84d9-6c626df87f88;1;шт;1;00000000063;26e84686-262a-11e5-8985-50465d50a210;20 677,97;20 677,97
00000000067;2cd42e49-1b9b-11e8-84d9-6c626df87f88;2;шт;8;00000000064;26e84688-262a-11e5-8985-50465d50a210;20 677,97;165 423,76
00000000067;2cd42e49-1b9b-11e8-84d9-6c626df87f88;3;шт;6;00000000261;08c0b13e-bdcc-11e5-8141-001e8c89ab40;208 855,93;1 253 135,58
00000000068;ffc6e4b0-1bb9-11e8-873c-6c626df87d4c;1;л;433;00000000855;ffc6e4b3-1bb9-11e8-873c-6c626df87d4c;56,29;24 373,57
00000000068;ffc6e4b0-1bb9-11e8-873c-6c626df87d4c;2;л;433;00000000854;ffc6e4b1-1bb9-11e8-873c-6c626df87d4c;54,49;23 594,17
00000000068;ffc6e4b0-1bb9-11e8-873c-6c626df87d4c;3;л;160;00000000856;ffc6e4b5-1bb9-11e8-873c-6c626df87d4c;225,85;36 136
00000000068;ffc6e4b0-1bb9-11e8-873c-6c626df87d4c;4;л;216,5;00000000857;ffc6e4b7-1bb9-11e8-873c-6c626df87d4c;50,55;10 944,08
00000000068;ffc6e4b0-1bb9-11e8-873c-6c626df87d4c;5;л;80;00000000858;ffc6e4b9-1bb9-11e8-873c-6c626df87d4c;245,34;19 627,2
00000000068;ffc6e4b0-1bb9-11e8-873c-6c626df87d4c;6;л;866;00000000861;ffc6e4bf-1bb9-11e8-873c-6c626df87d4c;51,75;44 815,5
00000000068;ffc6e4b0-1bb9-11e8-873c-6c626df87d4c;7;кг;315;00000000296;38177c46-d6f5-11e5-812a-6c626df87d4c;112,79;35 528,85
00000000068;ffc6e4b0-1bb9-11e8-873c-6c626df87d4c;8;кг;171;00000000862;ffc6e4c1-1bb9-11e8-873c-6c626df87d4c;65,57;11 212,47
00000000068;ffc6e4b0-1bb9-11e8-873c-6c626df87d4c;9;кг;168;00000000863;ffc6e4c3-1bb9-11e8-873c-6c626df87d4c;54,96;9 233,28
00000000068;ffc6e4b0-1bb9-11e8-873c-6c626df87d4c;10;кг;30;00000000860;ffc6e4bd-1bb9-11e8-873c-6c626df87d4c;50,85;1 525,5
00000000068;ffc6e4b0-1bb9-11e8-873c-6c626df87d4c;11;кг;50;00000000394;ee3ea81b-2ca6-11e6-a1ca-001e8c89ab40;48,81;2 440,5
00000000070;eadaad1a-1c57-11e8-9d9c-6c626df87d4c;1;шт;3;00000000864;eadaad18-1c57-11e8-9d9c-6c626df87d4c;26 906,78;80 720,34
00000000070;eadaad1a-1c57-11e8-9d9c-6c626df87d4c;2;шт;16;00000000333;6fff5d59-f19a-11e5-bd56-6c626df87d4c;1 567,8;25 084,8
00000000069;eadaad17-1c57-11e8-9d9c-6c626df87d4c;1;шт;4;00000000864;eadaad18-1c57-11e8-9d9c-6c626df87d4c;26 906,78;107 627,12
00000000071;377c4ff1-1d3d-11e8-a49d-6c626df87f88;1;шт;60;00000000075;8e7f64c5-2c6c-11e5-8cd4-50465d50a210;350;21 000
00000000072;1912a18e-1d3c-11e8-9d00-6c626df87d4c;1;шт;12;00000000865;1912a18c-1d3c-11e8-9d00-6c626df87d4c;235;2 820
00000000074;0e73187d-1e20-11e8-a0ca-6c626df87f88;1;шт;2;00000000193;08bea8dc-7ca2-11e5-b892-6c626df87d4c;7 850;15 700
00000000074;0e73187d-1e20-11e8-a0ca-6c626df87f88;2;шт;1;00000000360;69622dc2-0bb1-11e6-832c-6c626df87f88;12 550;12 550
00000000076;44a01911-1e14-11e8-8e80-6c626df87d4c;1;шт;15;00000000372;c5748ffb-1736-11e6-bf4f-50465d50a210;2 793,07;41 896,05
00000000076;44a01911-1e14-11e8-8e80-6c626df87d4c;2;шт;8;00000000710;a505a2b5-4d0a-11e7-95d9-6c626df87d4c;1 362;10 896
00000000076;44a01911-1e14-11e8-8e80-6c626df87d4c;3;шт;18;00000000774;52790893-9dda-11e7-b5cd-6c626df87d4c;735;13 230
00000000076;44a01911-1e14-11e8-8e80-6c626df87d4c;4;шт;4;00000000866;44a0190b-1e14-11e8-8e80-6c626df87d4c;5 790;23 160
00000000076;44a01911-1e14-11e8-8e80-6c626df87d4c;5;шт;8;00000000487;3a55d85b-767b-11e6-b8a7-6c626df87d4c;5 330;42 640
00000000076;44a01911-1e14-11e8-8e80-6c626df87d4c;6;шт;5;00000000086;60bc9d62-35d1-11e5-8b39-6c626df87d4c;576;2 880
00000000076;44a01911-1e14-11e8-8e80-6c626df87d4c;7;шт;4;00000000867;44a0190d-1e14-11e8-8e80-6c626df87d4c;13 220;52 880
00000000076;44a01911-1e14-11e8-8e80-6c626df87d4c;8;шт;1;00000000087;b6b88e92-36ae-11e5-bfa1-001e8c89ab40;12 913;12 913
00000000076;44a01911-1e14-11e8-8e80-6c626df87d4c;9;шт;2;00000000868;44a0190f-1e14-11e8-8e80-6c626df87d4c;13 920;27 840
00000000076;44a01911-1e14-11e8-8e80-6c626df87d4c;10;шт;3;00000000211;63862be5-91b3-11e5-99b4-50465d50a210;600;1 800
00000000076;44a01911-1e14-11e8-8e80-6c626df87d4c;11;шт;2;00000000089;b6b88e96-36ae-11e5-bfa1-001e8c89ab40;14 380;28 760
00000000079;722ee1ee-2040-11e8-837b-6c626df87d4c;1;шт;1;00000000272;39a11442-c5ad-11e5-996f-50465d50a210;14 500;14 500
00000000079;722ee1ee-2040-11e8-837b-6c626df87d4c;2;шт;1;00000000090;92d9e99d-3782-11e5-a9c7-6c626df87d4c;10 000;10 000
00000000079;722ee1ee-2040-11e8-837b-6c626df87d4c;3;шт;1;00000000353;dd3c8587-06b4-11e6-95f9-50465d50a210;10 000;10 000
00000000080;722ee1ef-2040-11e8-837b-6c626df87d4c;1;шт;2;00000000435;6849fc0d-4cb2-11e6-a6d5-50465d50a210;20 200;40 400
00000000081;722ee1f2-2040-11e8-837b-6c626df87d4c;1;шт;2;00000000869;722ee1f0-2040-11e8-837b-6c626df87d4c;24 770;49 540
00000000078;722ee1ed-2040-11e8-837b-6c626df87d4c;1;шт;3;00000000090;92d9e99d-3782-11e5-a9c7-6c626df87d4c;13 450;40 350
00000000082;d5bd4c63-2106-11e8-ab16-6c626df87d4c;1;шт;4;00000000756;b2f166fe-87c5-11e7-b1c5-50465d50a210;8 975;35 900
00000000082;d5bd4c63-2106-11e8-ab16-6c626df87d4c;2;шт;1;00000000184;2400cb69-73e0-11e5-91a1-001e8c89ab40;7 350;7 350
00000000083;d5bd4c6a-2106-11e8-ab16-6c626df87d4c;1;шт;2;00000000519;8f794f3b-8edc-11e6-875a-6c626df87d4c;647,25;1 294,5
00000000084;5f64f460-21e7-11e8-8295-6c626df87d4c;1;шт;3;00000000468;9792c953-65f3-11e6-b959-6c626df87d4c;21 975;65 925
00000000085;265401ed-25c3-11e8-94a9-6c626df87d4c;1;шт;5;00000000871;265401ee-25c3-11e8-94a9-6c626df87d4c;23 949,75;119 748,75
00000000086;8e821700-2694-11e8-9d37-6c626df87d4c;1;шт;1;00000000036;ae5e7d4c-1cac-11e5-a6e0-6c626df87d4c;1 500;1 500
00000000086;8e821700-2694-11e8-9d37-6c626df87d4c;2;шт;2;00000000030;decfafed-1c0f-11e5-8eb2-6c626df87d4c;8 875;17 750
00000000087;9ba08fd9-2822-11e8-a37f-6c626df87d4c;1;шт;1;00000000872;9ba08fd7-2822-11e8-a37f-6c626df87d4c;37 436,44;37 436,44
00000000088;9ba08fe3-2822-11e8-a37f-6c626df87d4c;1;шт;10;00000000086;60bc9d62-35d1-11e5-8b39-6c626df87d4c;515;5 150
00000000090;9ba08fea-2822-11e8-a37f-6c626df87d4c;1;шт;1;00000000873;9ba08fe8-2822-11e8-a37f-6c626df87d4c;2 675;2 675
00000000089;9ba08fe4-2822-11e8-a37f-6c626df87d4c;1;шт;1;00000000843;169a008d-07ef-11e8-9d7b-6c626df87d4c;2 700;2 700
00000000091;c04e0aad-2850-11e8-a37f-6c626df87d4c;1;л;20;00000000356;c12000c3-0707-11e6-b921-6c626df87d4c;690,68;13 813,6
00000000092;c04e0aae-2850-11e8-a37f-6c626df87d4c;1;шт;3;00000000800;80e05c1b-cea5-11e7-b377-50465d50a210;1 275;3 825
00000000093;320414c7-2854-11e8-a37f-6c626df87d4c;1;шт;2;00000000068;91162be6-2a05-11e5-b679-50465d50a210;18 975;37 950
00000000094;59a0f171-2908-11e8-a1b4-6c626df87d4c;1;шт;1;00000000068;91162be6-2a05-11e5-b679-50465d50a210;18 995;18 995
00000000094;59a0f171-2908-11e8-a1b4-6c626df87d4c;2;шт;5;00000000874;59a0f172-2908-11e8-a1b4-6c626df87d4c;875;4 375
00000000095;59a0f183-2908-11e8-a1b4-6c626df87d4c;1;шт;12;00000000617;e7459260-fdb4-11e6-8ea4-6c626df87f88;1 075;12 900
00000000096;7878f3c6-2b75-11e8-86da-6c626df87d4c;1;шт;5;00000000789;eb949ec3-ae79-11e7-b887-6c626df87d4c;2 118;10 590
00000000097;e3e74a0c-2c15-11e8-a210-6c626df87d4c;1;шт;3;00000000843;169a008d-07ef-11e8-9d7b-6c626df87d4c;2 700;8 100
00000000073;44a0190a-1e14-11e8-8e80-6c626df87d4c;1;шт;60;00000000632;09efd75f-04c3-11e7-b940-6c626df87d4c;63,4;3 804
00000000106;1cf3804f-3259-11e8-bb12-50465d50a210;1;шт;8;00000000145;b05a3bcf-5d31-11e5-bf62-6c626df87d4c;825;6 600
00000000107;1cf38050-3259-11e8-bb12-50465d50a210;1;шт;1;00000000543;2d27de3f-9c46-11e6-a436-6c626df87f88;10 750;10 750
00000000098;ad962a8a-30c5-11e8-85e5-6c626df87d4c;1;шт;1;00000000636;de43e5c5-0571-11e7-a4c3-6c626df87f88;1 695;1 695
00000000102;ad962a91-30c5-11e8-85e5-6c626df87d4c;1;шт;1;00000000875;ad962a8f-30c5-11e8-85e5-6c626df87d4c;24 975;24 975
00000000099;ad962a8c-30c5-11e8-85e5-6c626df87d4c;1;шт;8;00000000400;1f0cc89b-32e0-11e6-83a6-6c626df87d4c;2 725;21 800
00000000100;ad962a8d-30c5-11e8-85e5-6c626df87d4c;1;шт;1;00000000360;69622dc2-0bb1-11e6-832c-6c626df87f88;10 750;10 750
00000000101;ad962a8e-30c5-11e8-85e5-6c626df87d4c;1;шт;24;00000000086;60bc9d62-35d1-11e5-8b39-6c626df87d4c;540;12 960
00000000103;79af1314-3185-11e8-8a73-6c626df87d4c;1;шт;1;00000000876;79af130d-3185-11e8-8a73-6c626df87d4c;21 180;21 180
00000000104;79af1321-3185-11e8-8a73-6c626df87d4c;1;шт;1;00000000877;79af131f-3185-11e8-8a73-6c626df87d4c;460;460
00000000105;79af1324-3185-11e8-8a73-6c626df87d4c;1;шт;2;00000000641;e27f40b6-0d53-11e7-83dc-6c626df87d4c;17 450;34 900
00000000105;79af1324-3185-11e8-8a73-6c626df87d4c;2;шт;4;00000000271;20a39f05-c4ba-11e5-8cbe-50465d50a210;15 275;61 100
00000000105;79af1324-3185-11e8-8a73-6c626df87d4c;3;шт;10;00000000086;60bc9d62-35d1-11e5-8b39-6c626df87d4c;530;5 300
00000000105;79af1324-3185-11e8-8a73-6c626df87d4c;4;шт;4;00000000519;8f794f3b-8edc-11e6-875a-6c626df87d4c;725;2 900
00000000105;79af1324-3185-11e8-8a73-6c626df87d4c;5;шт;10;00000000075;8e7f64c5-2c6c-11e5-8cd4-50465d50a210;295;2 950
00000000105;79af1324-3185-11e8-8a73-6c626df87d4c;6;шт;1;00000000879;21384194-324a-11e8-a984-6c626df87d4c;1 750;1 750
00000000105;79af1324-3185-11e8-8a73-6c626df87d4c;7;шт;4;00000000526;deaea8bc-913a-11e6-92c9-001e8c89ab40;3 100;12 400
00000000105;79af1324-3185-11e8-8a73-6c626df87d4c;8;шт;10;00000000878;79af1322-3185-11e8-8a73-6c626df87d4c;340;3 400
00000000105;79af1324-3185-11e8-8a73-6c626df87d4c;9;шт;4;00000000211;63862be5-91b3-11e5-99b4-50465d50a210;555;2 220
00000000105;79af1324-3185-11e8-8a73-6c626df87d4c;10;шт;12;00000000880;21384196-324a-11e8-a984-6c626df87d4c;165;1 980
00000000105;79af1324-3185-11e8-8a73-6c626df87d4c;11;шт;3;00000000011;bb65b57a-1b1c-11e5-aa26-6c626df87d4c;5 575;16 725
00000000105;79af1324-3185-11e8-8a73-6c626df87d4c;12;шт;1;00000000522;deaea8b0-913a-11e6-92c9-001e8c89ab40;5 165;5 165
00000000108;2138419a-324a-11e8-a984-6c626df87d4c;1;шт;1;00000000881;21384198-324a-11e8-a984-6c626df87d4c;15 932,2;15 932,2
00000000110;6e511480-366b-11e8-a4a8-6c626df87f88;1;шт;1;00000000115;e54ad5b7-4579-11e5-81f8-6c626df87d4c;14 300;14 300
00000000109;6e51147f-366b-11e8-a4a8-6c626df87f88;1;шт;5;00000000035;ae5e7d49-1cac-11e5-a6e0-6c626df87d4c;1 625;8 125
00000000111;c836f94c-371c-11e8-8cbf-6c626df87f88;1;шт;1;00000000271;20a39f05-c4ba-11e5-8cbe-50465d50a210;15 325;15 325
00000000112;c836f94d-371c-11e8-8cbf-6c626df87f88;1;шт;2;00000000246;a694c655-baae-11e5-bf97-6c626df87d4c;37 076,27;74 152,54
00000000113;77f87c43-37df-11e8-9479-50465d50a210;1;шт;2;00000000466;344134c1-6446-11e6-9772-50465d50a210;2 750;5 500
00000000114;77f87c46-37df-11e8-9479-50465d50a210;1;шт;1;00000000131;bd552950-4d50-11e5-bb1c-6c626df87d4c;7 625;7 625
00000000115;77f87c47-37df-11e8-9479-50465d50a210;1;шт;4;00000000101;146da9b9-40d6-11e5-957f-50465d50a210;11 575;46 300
00000000115;77f87c47-37df-11e8-9479-50465d50a210;2;шт;12;00000000466;344134c1-6446-11e6-9772-50465d50a210;2 575;30 900
00000000116;77f87c48-37df-11e8-9479-50465d50a210;1;шт;2;00000000006;bb65b571-1b1c-11e5-aa26-6c626df87d4c;13 275;26 550
00000000117;de75a32b-38b4-11e8-a067-6c626df87d4c;1;шт;1;00000000882;de75a32c-38b4-11e8-a067-6c626df87d4c;45 500;45 500
00000000118;e0517144-395c-11e8-85b0-6c626df87d4c;1;шт;2;00000000529;c4c6881b-9459-11e6-a033-6c626df87f88;23 750;47 500
00000000119;7e3e9fa0-3c8f-11e8-864e-6c626df87d4c;1;шт;1;00000000593;1ee025df-c046-11e6-853f-6c626df87d4c;1 650;1 650
00000000120;136f8a62-3d5b-11e8-898b-6c626df87d4c;1;шт;3;00000000886;c8346e49-3e1e-11e8-8a87-6c626df87d4c;1 144,06;3 432,18
00000000122;b235c0bf-3d71-11e8-8542-6c626df87f88;1;шт;2;00000000471;47e1bf20-703e-11e6-9f90-6c626df87f88;7 100;14 200
00000000122;b235c0bf-3d71-11e8-8542-6c626df87f88;2;шт;2;00000000030;decfafed-1c0f-11e5-8eb2-6c626df87d4c;8 950;17 900
00000000123;c8346e3e-3e1e-11e8-8a87-6c626df87d4c;1;шт;10;00000000086;60bc9d62-35d1-11e5-8b39-6c626df87d4c;515;5 150
00000000124;c8346e40-3e1e-11e8-8a87-6c626df87d4c;1;шт;3;00000000090;92d9e99d-3782-11e5-a9c7-6c626df87d4c;13 450;40 350
00000000125;d7062739-3e3c-11e8-a057-6c626df87f88;1;шт;4;00000000869;722ee1f0-2040-11e8-837b-6c626df87d4c;27 500;110 000
00000000126;ca818846-3efd-11e8-a53c-6c626df87d4c;1;шт;4;00000000800;80e05c1b-cea5-11e7-b377-50465d50a210;1 275;5 100
00000000127;ca818853-3efd-11e8-a53c-6c626df87d4c;1;шт;2;00000000461;075071a3-5df2-11e6-8298-50465d50a210;14 500;29 000
00000000127;ca818853-3efd-11e8-a53c-6c626df87d4c;2;шт;1;00000000129;74761b5b-4cac-11e5-b720-6c626df87d4c;13 775;13 775
00000000127;ca818853-3efd-11e8-a53c-6c626df87d4c;3;шт;2;00000000372;c5748ffb-1736-11e6-bf4f-50465d50a210;3 115;6 230
00000000127;ca818853-3efd-11e8-a53c-6c626df87d4c;4;шт;2;00000000774;52790893-9dda-11e7-b5cd-6c626df87d4c;795;1 590
00000000127;ca818853-3efd-11e8-a53c-6c626df87d4c;5;шт;24;00000000626;e29512b6-0311-11e7-891a-001e8c89ab40;900;21 600
00000000127;ca818853-3efd-11e8-a53c-6c626df87d4c;6;шт;10;00000000889;ca818851-3efd-11e8-a53c-6c626df87d4c;600;6 000
00000000127;ca818853-3efd-11e8-a53c-6c626df87d4c;7;шт;5;00000000888;ca81884f-3efd-11e8-a53c-6c626df87d4c;1 025;5 125
00000000127;ca818853-3efd-11e8-a53c-6c626df87d4c;8;шт;3;00000000505;a6e8394b-8559-11e6-8c09-001e8c89ab40;620;1 860
00000000128;a9ba33a8-420d-11e8-afbc-6c626df87d4c;1;шт;2;00000000769;0bfa05d6-9851-11e7-8308-6c626df87d4c;99 892,39;199 784,78
00000000129;5b0c139a-42cb-11e8-9d42-6c626df87d4c;1;кг;1 087;00000000531;ea012e98-95d3-11e6-959d-6c626df87d4c;15,28;16 609,36
00000000131;5b0c13ba-42cb-11e8-9d42-6c626df87d4c;1;шт;2;00000000327;797ee3b8-ef25-11e5-8900-50465d50a210;4 125;8 250
00000000132;7ff113e8-4469-11e8-8228-6c626df87d4c;1;шт;2;00000000135;dba279d1-514c-11e5-a961-6c626df87d4c;11 610,16;23 220,32
00000000133;7ff113e9-4469-11e8-8228-6c626df87d4c;1;шт;1;00000000194;a9f2070a-7e2e-11e5-8276-6c626df87d4c;2 288,13;2 288,13
00000000134;414cd640-46bf-11e8-a7bb-6c626df87d4c;1;шт;2;00000000892;7ff113ea-4469-11e8-8228-6c626df87d4c;28 389,83;56 779,66
00000000135;414cd644-46bf-11e8-a7bb-6c626df87d4c;1;шт;2;00000000115;e54ad5b7-4579-11e5-81f8-6c626df87d4c;14 750;29 500
00000000143;aa342f78-49df-11e8-aaa6-6c626df87d4c;1;шт;30;00000000789;eb949ec3-ae79-11e7-b887-6c626df87d4c;2 118;63 540
00000000136;e1b4ec64-4793-11e8-a43c-6c626df87f88;1;шт;4;00000000009;bb65b576-1b1c-11e5-aa26-6c626df87d4c;6 000;24 000
00000000138;1631aa9b-478b-11e8-ac28-6c626df87d4c;1;шт;3;00000000125;73e3582a-4bcd-11e5-a984-6c626df87d4c;38 029,66;114 088,98
00000000137;1631aa9a-478b-11e8-ac28-6c626df87d4c;1;шт;24;00000000195;0c9e30c2-877b-11e5-bd31-6c626df87d4c;232;5 568
00000000139;1631aaa1-478b-11e8-ac28-6c626df87d4c;1;шт;12;00000000144;2087bfd8-5c6b-11e5-b76c-6c626df87d4c;6 419,49;77 033,88
00000000140;bcf9d477-4852-11e8-a81a-6c626df87d4c;1;шт;9;00000000377;4adff516-1c26-11e6-af07-6c626df87d4c;665,24;5 987,16
00000000141;22180593-4860-11e8-a81a-6c626df87d4c;1;шт;2;00000000893;22180591-4860-11e8-a81a-6c626df87d4c;20 127,12;40 254,24
00000000142;1ef2b894-4882-11e8-a81a-6c626df87d4c;1;шт;1;00000000372;c5748ffb-1736-11e6-bf4f-50465d50a210;2 875;2 875
00000000144;aa342f79-49df-11e8-aaa6-6c626df87d4c;1;шт;12;00000000144;2087bfd8-5c6b-11e5-b76c-6c626df87d4c;6 355,93;76 271,16
00000000145;221e49ac-49ec-11e8-aaa6-6c626df87d4c;1;шт;2;00000000756;b2f166fe-87c5-11e7-b1c5-50465d50a210;9 500;19 000
00000000146;d5226282-4ab3-11e8-9ad2-6c626df87d4c;1;шт;2;00000000466;344134c1-6446-11e6-9772-50465d50a210;2 750;5 500
00000000147;97aaf15b-4acd-11e8-a1f3-50465d50a210;1;шт;11;00000000526;deaea8bc-913a-11e6-92c9-001e8c89ab40;2 754,24;30 296,64
00000000148;f0d90053-51c0-11e8-8681-6c626df87d4c;1;шт;2;00000000129;74761b5b-4cac-11e5-b720-6c626df87d4c;11 350;22 700
00000000149;f0d90057-51c0-11e8-8681-6c626df87d4c;1;шт;13;00000000075;8e7f64c5-2c6c-11e5-8cd4-50465d50a210;271,19;3 525,47
00000000149;f0d90057-51c0-11e8-8681-6c626df87d4c;2;шт;2;00000000519;8f794f3b-8edc-11e6-875a-6c626df87d4c;707,63;1 415,26
00000000130;5b0c13b3-42cb-11e8-9d42-6c626df87d4c;1;шт;14;00000000149;61e0680c-65cb-11e5-a010-001e8c89ab40;2 995;41 930
00000000150;a2555952-5288-11e8-a8ac-6c626df87d4c;1;шт;4;00000000895;a2555950-5288-11e8-a8ac-6c626df87d4c;3 175;12 700
00000000152;a2555956-5288-11e8-a8ac-6c626df87d4c;1;шт;3;00000000068;91162be6-2a05-11e5-b679-50465d50a210;19 350;58 050
00000000153;a2555959-5288-11e8-a8ac-6c626df87d4c;1;шт;1;00000000896;a2555957-5288-11e8-a8ac-6c626df87d4c;3 200;3 200
00000000154;48f129ea-54e3-11e8-aebc-6c626df87d4c;1;шт;12;00000000897;0a59e051-5448-11e8-9a7a-6c626df87d4c;13 983,05;167 796,6
00000000156;0a59e053-5448-11e8-9a7a-6c626df87d4c;1;шт;15;00000000897;0a59e051-5448-11e8-9a7a-6c626df87d4c;13 983,05;209 745,75
00000000156;0a59e053-5448-11e8-9a7a-6c626df87d4c;2;шт;1;00000000255;08c0b131-bdcc-11e5-8141-001e8c89ab40;74 576,27;74 576,27
00000000156;0a59e053-5448-11e8-9a7a-6c626df87d4c;3;шт;1;00000000898;48f129e6-54e3-11e8-aebc-6c626df87d4c;8 631,35;8 631,35
00000000156;0a59e053-5448-11e8-9a7a-6c626df87d4c;4;шт;4;00000000899;48f129e8-54e3-11e8-aebc-6c626df87d4c;7 360,17;29 440,68
00000000156;0a59e053-5448-11e8-9a7a-6c626df87d4c;5;шт;1;00000000547;32bf6347-a0c1-11e6-a1de-6c626df87d4c;8 665,25;8 665,25
00000000156;0a59e053-5448-11e8-9a7a-6c626df87d4c;6;шт;8;00000000662;9054eaf9-1b91-11e7-b9c4-6c626df87d4c;14 830,51;118 644,08
00000000156;0a59e053-5448-11e8-9a7a-6c626df87d4c;7;шт;3;00000000257;08c0b136-bdcc-11e5-8141-001e8c89ab40;12 690,68;38 072,04
00000000155;48f129e5-54e3-11e8-aebc-6c626df87d4c;1;шт;4;00000000090;92d9e99d-3782-11e5-a9c7-6c626df87d4c;13 450;53 800
00000000158;7aeae289-573e-11e8-8402-6c626df87d4c;1;шт;2;00000000131;bd552950-4d50-11e5-bb1c-6c626df87d4c;8 150;16 300
00000000159;7aeae28a-573e-11e8-8402-6c626df87d4c;1;шт;1;00000000471;47e1bf20-703e-11e6-9f90-6c626df87f88;6 375;6 375
00000000159;7aeae28a-573e-11e8-8402-6c626df87d4c;2;шт;1;00000000192;08bea8da-7ca2-11e5-b892-6c626df87d4c;6 100;6 100
00000000121;136f8a63-3d5b-11e8-898b-6c626df87d4c;1;шт;3;00000000471;47e1bf20-703e-11e6-9f90-6c626df87f88;6 750;20 250
00000000121;136f8a63-3d5b-11e8-898b-6c626df87d4c;2;шт;3;00000000030;decfafed-1c0f-11e5-8eb2-6c626df87d4c;8 450;25 350
00000000160;0f8fc6ae-576f-11e8-9db6-50465d50a210;1;шт;2;00000000800;80e05c1b-cea5-11e7-b377-50465d50a210;1 375;2 750
00000000161;d323cb60-5777-11e8-a55a-6c626df87f88;1;шт;4;00000000756;b2f166fe-87c5-11e7-b1c5-50465d50a210;9 450;37 800
00000000162;ddcc6c54-5836-11e8-a06e-6c626df87f88;1;шт;4;00000000843;169a008d-07ef-11e8-9d7b-6c626df87d4c;2 625;10 500
00000000163;ddcc6c55-5836-11e8-a06e-6c626df87f88;1;шт;3;00000000900;00809af3-5815-11e8-bb52-6c626df87d4c;9 148,31;27 444,93
00000000164;de6e8143-5902-11e8-8d8f-50465d50a210;1;шт;1;00000000901;de6e8141-5902-11e8-8d8f-50465d50a210;15 000;15 000
00000000165;de6e8146-5902-11e8-8d8f-50465d50a210;1;шт;1;00000000902;de6e8144-5902-11e8-8d8f-50465d50a210;17 182,2;17 182,2
00000000235;a17816ee-80e2-11e8-80b6-50465d50a210;1;шт;3;00000000257;08c0b136-bdcc-11e5-8141-001e8c89ab40;12 690,68;38 072,04
00000000059;87718099-16ce-11e8-a68a-6c626df87d4c;1;л;40;00000000276;5d1f7549-c98d-11e5-af37-6c626df87d4c;78,75;3 150
00000000059;87718099-16ce-11e8-a68a-6c626df87d4c;2;шт;30;00000000075;8e7f64c5-2c6c-11e5-8cd4-50465d50a210;313;9 390
00000000077;722ee1ec-2040-11e8-837b-6c626df87d4c;1;шт;10;00000000626;e29512b6-0311-11e7-891a-001e8c89ab40;1 200;12 000
00000000166;bda56b6f-59aa-11e8-83f1-6c626df87d4c;1;шт;100;00000000903;bda56b6d-59aa-11e8-83f1-6c626df87d4c;115;11 500
00000000167;9b272ae7-5996-11e8-8e61-50465d50a210;1;л;1 800;00000000904;9b272ae5-5996-11e8-8e61-50465d50a210;49,5;89 100
00000000168;bd3a12b5-59c9-11e8-a08a-6c626df87f88;1;шт;1;00000000547;32bf6347-a0c1-11e6-a1de-6c626df87d4c;8 665,25;8 665,25
00000000169;9b272ae8-5996-11e8-8e61-50465d50a210;1;шт;8;00000000928;23674313-6ed6-11e8-8eda-6c626df87d4c;14 830,51;118 644,08
00000000171;e3c67f94-5cbd-11e8-8e96-6c626df87d4c;1;шт;2;00000000068;91162be6-2a05-11e5-b679-50465d50a210;19 250;38 500
00000000172;105fd3c6-5cd8-11e8-872d-50465d50a210;1;шт;2;00000000400;1f0cc89b-32e0-11e6-83a6-6c626df87d4c;2 750;5 500
00000000173;ad0d05b6-5e54-11e8-b60f-50465d50a210;1;шт;1;00000000905;ad0d05b4-5e54-11e8-b60f-50465d50a210;2 500;2 500
00000000174;92b26003-5e70-11e8-83c9-6c626df87d4c;1;шт;1;00000000500;011b90e4-80cc-11e6-81a8-6c626df87d4c;2 600;2 600
00000000151;a2555953-5288-11e8-a8ac-6c626df87d4c;1;шт;2;00000000068;91162be6-2a05-11e5-b679-50465d50a210;19 125;38 250
00000000175;92b2600e-5e70-11e8-83c9-6c626df87d4c;1;шт;1;00000000769;0bfa05d6-9851-11e7-8308-6c626df87d4c;82 000;82 000
00000000177;57518a48-5f26-11e8-8680-6c626df87d4c;1;шт;2;00000000908;57518a3a-5f26-11e8-8680-6c626df87d4c;8 925;17 850
00000000177;57518a48-5f26-11e8-8680-6c626df87d4c;2;шт;5;00000000909;57518a3c-5f26-11e8-8680-6c626df87d4c;1 275;6 375
00000000177;57518a48-5f26-11e8-8680-6c626df87d4c;3;шт;12;00000000911;57518a3f-5f26-11e8-8680-6c626df87d4c;1 255;15 060
00000000177;57518a48-5f26-11e8-8680-6c626df87d4c;4;шт;2;00000000912;57518a41-5f26-11e8-8680-6c626df87d4c;15 625;31 250
00000000177;57518a48-5f26-11e8-8680-6c626df87d4c;5;шт;2;00000000492;58a17974-7a67-11e6-8233-6c626df87d4c;15 625;31 250
00000000177;57518a48-5f26-11e8-8680-6c626df87d4c;6;шт;3;00000000913;57518a43-5f26-11e8-8680-6c626df87d4c;22 000;66 000
00000000177;57518a48-5f26-11e8-8680-6c626df87d4c;7;шт;2;00000000133;b592c800-506d-11e5-9365-50465d50a210;5 850;11 700
00000000177;57518a48-5f26-11e8-8680-6c626df87d4c;8;шт;12;00000000915;57518a46-5f26-11e8-8680-6c626df87d4c;6 450;77 400
00000000178;57518a4b-5f26-11e8-8680-6c626df87d4c;1;шт;10;00000000916;57518a49-5f26-11e8-8680-6c626df87d4c;2 350;23 500
00000000178;57518a4b-5f26-11e8-8680-6c626df87d4c;2;шт;12;00000000145;b05a3bcf-5d31-11e5-bf62-6c626df87d4c;975;11 700
00000000178;57518a4b-5f26-11e8-8680-6c626df87d4c;3;шт;2;00000000912;57518a41-5f26-11e8-8680-6c626df87d4c;15 625;31 250
00000000178;57518a4b-5f26-11e8-8680-6c626df87d4c;4;шт;2;00000000492;58a17974-7a67-11e6-8233-6c626df87d4c;15 625;31 250
00000000178;57518a4b-5f26-11e8-8680-6c626df87d4c;5;шт;3;00000000913;57518a43-5f26-11e8-8680-6c626df87d4c;22 000;66 000
00000000178;57518a4b-5f26-11e8-8680-6c626df87d4c;6;шт;2;00000000133;b592c800-506d-11e5-9365-50465d50a210;5 850;11 700
00000000178;57518a4b-5f26-11e8-8680-6c626df87d4c;7;шт;12;00000000915;57518a46-5f26-11e8-8680-6c626df87d4c;6 450;77 400
00000000176;57518a36-5f26-11e8-8680-6c626df87d4c;1;шт;3;00000000906;57518a37-5f26-11e8-8680-6c626df87d4c;12 860,17;38 580,51
00000000179;9fc95a9d-5ff2-11e8-8341-6c626df87d4c;1;шт;1;00000000917;9fc95a9b-5ff2-11e8-8341-6c626df87d4c;3 000;3 000
00000000236;a17816ef-80e2-11e8-80b6-50465d50a210;1;шт;2;00000000929;fb90622b-6f9a-11e8-822d-6c626df87d4c;2 397,59;4 795,18
00000000236;a17816ef-80e2-11e8-80b6-50465d50a210;2;шт;4;00000000899;48f129e8-54e3-11e8-aebc-6c626df87d4c;7 360,17;29 440,68
00000000236;a17816ef-80e2-11e8-80b6-50465d50a210;3;шт;5;00000000517;5cd2a96a-8cb6-11e6-a57e-6c626df87f88;1 733,05;8 665,25
00000000180;8e312db7-6248-11e8-a15b-6c626df87f88;1;шт;1;00000000255;08c0b131-bdcc-11e5-8141-001e8c89ab40;74 576,27;74 576,27
00000000181;387b749d-632d-11e8-86a8-6c626df87d4c;1;шт;1;00000000111;1cc310a8-41bd-11e5-a939-6c626df87d4c;18 000;18 000
00000000182;387b74a0-632d-11e8-86a8-6c626df87d4c;1;шт;2;00000000918;387b749e-632d-11e8-86a8-6c626df87d4c;1 461,86;2 923,72
00000000183;387b74a3-632d-11e8-86a8-6c626df87d4c;1;шт;6;00000000919;387b74a1-632d-11e8-86a8-6c626df87d4c;9 088,71;54 532,26
00000000184;387b74a4-632d-11e8-86a8-6c626df87d4c;1;шт;48;00000000185;7b414801-765b-11e5-b1ca-6c626df87f88;1 610,17;77 288,16
00000000185;0ba73013-63cc-11e8-8b81-6c626df87d4c;1;шт;48;00000000185;7b414801-765b-11e5-b1ca-6c626df87f88;1 656,78;79 525,44
00000000188;0ba73020-63cc-11e8-8b81-6c626df87d4c;1;шт;1;00000000661;88c05568-1b93-11e7-a4a2-6c626df87f88;11 504,24;11 504,24
00000000186;0ba73014-63cc-11e8-8b81-6c626df87d4c;1;шт;4;00000000869;722ee1f0-2040-11e8-837b-6c626df87d4c;27 500;110 000
00000000187;0ba73017-63cc-11e8-8b81-6c626df87d4c;1;шт;2;00000000920;0ba73015-63cc-11e8-8b81-6c626df87d4c;3 150;6 300
00000000187;0ba73017-63cc-11e8-8b81-6c626df87d4c;2;шт;1;00000000131;bd552950-4d50-11e5-bb1c-6c626df87d4c;8 500;8 500
00000000187;0ba73017-63cc-11e8-8b81-6c626df87d4c;3;шт;1;00000000698;486579e4-4517-11e7-b839-6c626df87d4c;9 000;9 000
00000000190;7a44fd51-6495-11e8-989a-6c626df87d4c;1;кг;161;00000000922;9994901b-6a30-11e8-bdde-50465d50a210;54,35;8 750,35
00000000191;c3658098-6583-11e8-8b6a-50465d50a210;1;шт;1;00000000372;c5748ffb-1736-11e6-bf4f-50465d50a210;2 707,63;2 707,63
00000000192;c365809d-6583-11e8-8b6a-50465d50a210;1;шт;6;00000000269;20a39f01-c4ba-11e5-8cbe-50465d50a210;18 177,42;109 064,52
00000000193;d3f98141-6965-11e8-95d4-6c626df87d4c;1;шт;2;00000000400;1f0cc89b-32e0-11e6-83a6-6c626df87d4c;2 725;5 450
00000000193;d3f98141-6965-11e8-95d4-6c626df87d4c;2;шт;2;00000000086;60bc9d62-35d1-11e5-8b39-6c626df87d4c;540;1 080
00000000194;192e9668-6a2d-11e8-95aa-6c626df87d4c;1;шт;2;00000000184;2400cb69-73e0-11e5-91a1-001e8c89ab40;6 975;13 950
00000000194;192e9668-6a2d-11e8-95aa-6c626df87d4c;2;шт;2;00000000381;975c5560-20bc-11e6-a080-50465d50a210;5 000;10 000
00000000195;9994900e-6a30-11e8-bdde-50465d50a210;1;шт;3;00000000379;b84d39ed-1e6e-11e6-a8a2-6c626df87f88;6 800;20 400
00000000195;9994900e-6a30-11e8-bdde-50465d50a210;2;шт;1;00000000197;015d505d-8770-11e5-9ae1-50465d50a210;41 500;41 500
00000000197;32981721-6aed-11e8-848e-6c626df87f88;1;шт;2;00000000908;57518a3a-5f26-11e8-8680-6c626df87d4c;8 750;17 500
00000000197;32981721-6aed-11e8-848e-6c626df87f88;2;шт;5;00000000909;57518a3c-5f26-11e8-8680-6c626df87d4c;1 250;6 250
00000000197;32981721-6aed-11e8-848e-6c626df87f88;3;шт;12;00000000911;57518a3f-5f26-11e8-8680-6c626df87d4c;1 245;14 940
00000000197;32981721-6aed-11e8-848e-6c626df87f88;4;шт;2;00000000912;57518a41-5f26-11e8-8680-6c626df87d4c;15 315;30 630
00000000197;32981721-6aed-11e8-848e-6c626df87f88;5;шт;2;00000000492;58a17974-7a67-11e6-8233-6c626df87d4c;15 315;30 630
00000000197;32981721-6aed-11e8-848e-6c626df87f88;6;шт;3;00000000913;57518a43-5f26-11e8-8680-6c626df87d4c;21 575;64 725
00000000197;32981721-6aed-11e8-848e-6c626df87f88;7;шт;2;00000000133;b592c800-506d-11e5-9365-50465d50a210;5 750;11 500
00000000197;32981721-6aed-11e8-848e-6c626df87f88;8;шт;12;00000000915;57518a46-5f26-11e8-8680-6c626df87d4c;6 350;76 200
00000000198;32981722-6aed-11e8-848e-6c626df87f88;1;шт;10;00000000916;57518a49-5f26-11e8-8680-6c626df87d4c;2 300;23 000
00000000198;32981722-6aed-11e8-848e-6c626df87f88;2;шт;12;00000000145;b05a3bcf-5d31-11e5-bf62-6c626df87d4c;955;11 460
00000000198;32981722-6aed-11e8-848e-6c626df87f88;3;шт;2;00000000912;57518a41-5f26-11e8-8680-6c626df87d4c;15 315;30 630
00000000198;32981722-6aed-11e8-848e-6c626df87f88;4;шт;2;00000000492;58a17974-7a67-11e6-8233-6c626df87d4c;15 315;30 630
00000000198;32981722-6aed-11e8-848e-6c626df87f88;5;шт;3;00000000913;57518a43-5f26-11e8-8680-6c626df87d4c;21 575;64 725
00000000198;32981722-6aed-11e8-848e-6c626df87f88;6;шт;2;00000000133;b592c800-506d-11e5-9365-50465d50a210;5 750;11 500
00000000198;32981722-6aed-11e8-848e-6c626df87f88;7;шт;12;00000000915;57518a46-5f26-11e8-8680-6c626df87d4c;6 350;76 200
00000000199;7607ff70-6af1-11e8-8f58-6c626df87d4c;1;л;400;00000000904;9b272ae5-5996-11e8-8e61-50465d50a210;49,5;19 800
00000000200;7607ff71-6af1-11e8-8f58-6c626df87d4c;1;шт;4;00000000923;7607ff72-6af1-11e8-8f58-6c626df87d4c;900;3 600
00000000201;32981723-6aed-11e8-848e-6c626df87f88;1;шт;2;00000000908;57518a3a-5f26-11e8-8680-6c626df87d4c;8 500;17 000
00000000201;32981723-6aed-11e8-848e-6c626df87f88;2;шт;5;00000000909;57518a3c-5f26-11e8-8680-6c626df87d4c;1 175;5 875
00000000201;32981723-6aed-11e8-848e-6c626df87f88;3;шт;12;00000000911;57518a3f-5f26-11e8-8680-6c626df87d4c;1 200;14 400
00000000201;32981723-6aed-11e8-848e-6c626df87f88;4;шт;2;00000000925;4f90753e-6bb1-11e8-ac0c-6c626df87d4c;9 950;19 900
00000000201;32981723-6aed-11e8-848e-6c626df87f88;5;шт;2;00000000926;4f907540-6bb1-11e8-ac0c-6c626df87d4c;9 950;19 900
00000000201;32981723-6aed-11e8-848e-6c626df87f88;6;шт;3;00000000927;4f907542-6bb1-11e8-ac0c-6c626df87d4c;12 750;38 250
00000000201;32981723-6aed-11e8-848e-6c626df87f88;7;шт;2;00000000133;b592c800-506d-11e5-9365-50465d50a210;5 750;11 500
00000000201;32981723-6aed-11e8-848e-6c626df87f88;8;шт;12;00000000915;57518a46-5f26-11e8-8680-6c626df87d4c;6 400;76 800
00000000202;e0f83006-6ed2-11e8-8778-50465d50a210;1;шт;10;00000000626;e29512b6-0311-11e7-891a-001e8c89ab40;1 200;12 000
00000000203;e0f83007-6ed2-11e8-8778-50465d50a210;1;шт;3;00000000090;92d9e99d-3782-11e5-a9c7-6c626df87d4c;13 450;40 350
00000000203;e0f83007-6ed2-11e8-8778-50465d50a210;2;шт;2;00000000609;2546153e-e218-11e6-b6bf-6c626df87f88;1 675;3 350
00000000204;23674307-6ed6-11e8-8eda-6c626df87d4c;1;шт;1;00000000167;990b776b-6cbb-11e5-961c-001e8c89ab40;5 650;5 650
00000000205;1aa38491-6fa2-11e8-bb7e-50465d50a210;1;шт;1;00000000801;80e05c1d-cea5-11e7-b377-50465d50a210;20 750;20 750
00000000207;1aa384a5-6fa2-11e8-bb7e-50465d50a210;1;шт;1;00000000246;a694c655-baae-11e5-bf97-6c626df87d4c;40 466,1;40 466,1
00000000208;1aa384a6-6fa2-11e8-bb7e-50465d50a210;1;шт;4;00000000135;dba279d1-514c-11e5-a961-6c626df87d4c;10 677,96;42 711,84
00000000209;1aa384a7-6fa2-11e8-bb7e-50465d50a210;1;шт;5;00000000930;1aa384a8-6fa2-11e8-bb7e-50465d50a210;15 360,17;76 800,85
00000000206;1aa384a4-6fa2-11e8-bb7e-50465d50a210;1;шт;1;00000000384;3631cb03-2173-11e6-bfc6-50465d50a210;4 427,97;4 427,97
00000000206;1aa384a4-6fa2-11e8-bb7e-50465d50a210;2;л;1;00000000850;7d9546ba-1181-11e8-b6ae-6c626df87f88;4 427,97;4 427,97
00000000206;1aa384a4-6fa2-11e8-bb7e-50465d50a210;3;шт;1;00000000241;fd8268c0-a3e4-11e5-ac44-6c626df87f88;4 555,08;4 555,08
00000000206;1aa384a4-6fa2-11e8-bb7e-50465d50a210;4;шт;1;00000000133;b592c800-506d-11e5-9365-50465d50a210;5 021,19;5 021,19
00000000210;3e6fead9-72c8-11e8-bf32-6c626df87d4c;1;л;216,5;00000000665;53e0f78f-2431-11e7-acdb-6c626df87f88;65,56;14 193,74
00000000211;8d2f9c4e-7399-11e8-9fe7-50465d50a210;1;шт;3;00000000068;91162be6-2a05-11e5-b679-50465d50a210;19 350;58 050
00000000212;d5d819c8-744b-11e8-a626-50465d50a210;1;шт;1;00000000272;39a11442-c5ad-11e5-996f-50465d50a210;14 500;14 500
00000000212;d5d819c8-744b-11e8-a626-50465d50a210;2;шт;2;00000000129;74761b5b-4cac-11e5-b720-6c626df87d4c;10 500;21 000
00000000213;d5d819d0-744b-11e8-a626-50465d50a210;1;шт;10;00000000735;67ea9f7f-711e-11e7-a4e3-6c626df87f88;210;2 100
00000000214;459a14de-7533-11e8-ba40-50465d50a210;1;кг;1 087;00000000531;ea012e98-95d3-11e6-959d-6c626df87d4c;15,28;16 609,36
00000000215;3290e254-7558-11e8-97ff-6c626df87d4c;1;шт;1;00000000131;bd552950-4d50-11e5-bb1c-6c626df87d4c;8 550;8 550
00000000217;4b9a4de5-7600-11e8-8d44-6c626df87d4c;1;шт;20;00000000931;4b9a4de3-7600-11e8-8d44-6c626df87d4c;2 395;47 900
00000000218;4b9a4de8-7600-11e8-8d44-6c626df87d4c;1;шт;2;00000000471;47e1bf20-703e-11e6-9f90-6c626df87f88;6 750;13 500
00000000218;4b9a4de8-7600-11e8-8d44-6c626df87d4c;2;шт;2;00000000030;decfafed-1c0f-11e5-8eb2-6c626df87d4c;8 450;16 900
00000000218;4b9a4de8-7600-11e8-8d44-6c626df87d4c;4;шт;1;00000000036;ae5e7d4c-1cac-11e5-a6e0-6c626df87d4c;1 500;1 500
00000000218;4b9a4de8-7600-11e8-8d44-6c626df87d4c;3;шт;4;00000000932;4b9a4de6-7600-11e8-8d44-6c626df87d4c;530;2 120
00000000219;a473ee60-79db-11e8-9a19-50465d50a210;1;шт;4;00000000400;1f0cc89b-32e0-11e6-83a6-6c626df87d4c;2 750;11 000
00000000220;27fb022c-79f6-11e8-a1e7-6c626df87d4c;1;шт;12;00000000619;5a1056ff-fe68-11e6-adab-6c626df87d4c;195;2 340
00000000221;969f5d25-7ddd-11e8-96b9-6c626df87d4c;1;л;40;00000000614;f0045a35-ef59-11e6-8e8c-6c626df87d4c;136,25;5 450
00000000221;969f5d25-7ddd-11e8-96b9-6c626df87d4c;2;шт;1;00000000086;60bc9d62-35d1-11e5-8b39-6c626df87d4c;540;540
00000000222;62e6782c-7eaf-11e8-80b6-50465d50a210;1;шт;5;00000000084;843645cb-3458-11e5-a6e8-6c626df87d4c;29 957,63;149 788,15
00000000223;62e6782d-7eaf-11e8-80b6-50465d50a210;1;шт;5;00000000084;843645cb-3458-11e5-a6e8-6c626df87d4c;18 220,34;91 101,7
00000000224;a6e4f009-7f6b-11e8-80b6-50465d50a210;2;шт;5;00000000440;5a87837d-4e3b-11e6-bd3a-50465d50a210;745,76;3 728,8
00000000224;a6e4f009-7f6b-11e8-80b6-50465d50a210;3;шт;1;00000000933;a6e4f007-7f6b-11e8-80b6-50465d50a210;4 894,07;4 894,07
00000000224;a6e4f009-7f6b-11e8-80b6-50465d50a210;4;шт;10;00000000086;60bc9d62-35d1-11e5-8b39-6c626df87d4c;483,05;4 830,5
00000000224;a6e4f009-7f6b-11e8-80b6-50465d50a210;1;шт;11;00000000526;deaea8bc-913a-11e6-92c9-001e8c89ab40;2 754,33;30 297,63
00000000225;fdbc130e-801a-11e8-80b6-50465d50a210;1;шт;2;00000000466;344134c1-6446-11e6-9772-50465d50a210;2 975;5 950
00000000226;fdbc130f-801a-11e8-80b6-50465d50a210;1;шт;4;00000000756;b2f166fe-87c5-11e7-b1c5-50465d50a210;9 450;37 800
00000000227;3ffdfec7-802d-11e8-aa8c-6c626df87d4c;1;шт;44;00000000934;3ffdfec3-802d-11e8-aa8c-6c626df87d4c;29 237,29;1 286 440,76
00000000227;3ffdfec7-802d-11e8-aa8c-6c626df87d4c;2;шт;2;00000000935;3ffdfec5-802d-11e8-aa8c-6c626df87d4c;6 694,92;13 389,84
00000000230;fdbc1312-801a-11e8-80b6-50465d50a210;1;шт;3;00000000090;92d9e99d-3782-11e5-a9c7-6c626df87d4c;13 450;40 350
00000000231;3ffdfecd-802d-11e8-aa8c-6c626df87d4c;1;шт;10;00000000936;3ffdfecb-802d-11e8-aa8c-6c626df87d4c;1 928,12;19 281,2
00000000231;3ffdfecd-802d-11e8-aa8c-6c626df87d4c;2;шт;5;00000000440;5a87837d-4e3b-11e6-bd3a-50465d50a210;546,62;2 733,1
00000000231;3ffdfecd-802d-11e8-aa8c-6c626df87d4c;3;шт;5;00000000152;61e06812-65cb-11e5-a010-001e8c89ab40;694,92;3 474,6
00000000231;3ffdfecd-802d-11e8-aa8c-6c626df87d4c;4;шт;10;00000000086;60bc9d62-35d1-11e5-8b39-6c626df87d4c;441,24;4 412,4
00000000232;fdbc1318-801a-11e8-80b6-50465d50a210;1;шт;1;00000000471;47e1bf20-703e-11e6-9f90-6c626df87f88;6 750;6 750
00000000232;fdbc1318-801a-11e8-80b6-50465d50a210;2;шт;3;00000000030;decfafed-1c0f-11e5-8eb2-6c626df87d4c;8 450;25 350
00000000232;fdbc1318-801a-11e8-80b6-50465d50a210;3;шт;4;00000000932;4b9a4de6-7600-11e8-8d44-6c626df87d4c;530;2 120
00000000228;3ffdfec8-802d-11e8-aa8c-6c626df87d4c;1;шт;2;00000000604;fced48cc-c680-11e6-9689-6c626df87f88;7 600;15 200
00000000234;099be30b-80ea-11e8-86c8-6c626df87d4c;1;шт;11;00000000526;deaea8bc-913a-11e6-92c9-001e8c89ab40;2 640;29 040
00000000234;099be30b-80ea-11e8-86c8-6c626df87d4c;2;шт;5;00000000440;5a87837d-4e3b-11e6-bd3a-50465d50a210;620;3 100
00000000234;099be30b-80ea-11e8-86c8-6c626df87d4c;3;шт;1;00000000933;a6e4f007-7f6b-11e8-80b6-50465d50a210;4 894,07;4 894,07
00000000234;099be30b-80ea-11e8-86c8-6c626df87d4c;4;шт;10;00000000086;60bc9d62-35d1-11e5-8b39-6c626df87d4c;457;4 570
00000000237;a17816f2-80e2-11e8-80b6-50465d50a210;1;шт;2;00000000604;fced48cc-c680-11e6-9689-6c626df87f88;7 600;15 200
00000000238;bd5777b4-8426-11e8-8e4f-6c626df87d4c;1;шт;1;00000000360;69622dc2-0bb1-11e6-832c-6c626df87f88;11 775;11 775
00000000239;1e794674-84ef-11e8-8920-50465d50a210;1;шт;1;00000000219;720e2a80-934b-11e5-80fb-6c626df87d4c;15 975;15 975
00000000239;1e794674-84ef-11e8-8920-50465d50a210;2;шт;2;00000000937;1e794675-84ef-11e8-8920-50465d50a210;17 985;35 970
00000000240;1e794682-84ef-11e8-8920-50465d50a210;1;шт;1;00000000193;08bea8dc-7ca2-11e5-b892-6c626df87d4c;7 550;7 550
00000000240;1e794682-84ef-11e8-8920-50465d50a210;2;шт;1;00000000354;d2577fd2-06f9-11e6-b921-6c626df87d4c;5 400;5 400
00000000240;1e794682-84ef-11e8-8920-50465d50a210;3;шт;3;00000000360;69622dc2-0bb1-11e6-832c-6c626df87f88;12 800;38 400
00000000240;1e794682-84ef-11e8-8920-50465d50a210;4;шт;1;00000000372;c5748ffb-1736-11e6-bf4f-50465d50a210;3 100;3 100
00000000241;58bb6de0-8598-11e8-8511-6c626df87d4c;1;кг;20;00000000938;58bb6dde-8598-11e8-8511-6c626df87d4c;497,5;9 950
00000000242;ee38ffb8-8667-11e8-a025-6c626df87f88;1;шт;2;00000000500;011b90e4-80cc-11e6-81a8-6c626df87d4c;2 575;5 150
00000000243;cbe180a9-8670-11e8-8920-50465d50a210;1;шт;1;00000000939;cbe180a7-8670-11e8-8920-50465d50a210;13 559,32;13 559,32
00000000244;cbe180aa-8670-11e8-8920-50465d50a210;1;шт;1;00000000129;74761b5b-4cac-11e5-b720-6c626df87d4c;12 500;12 500
00000000245;6a8ce661-88bf-11e8-84a4-50465d50a210;1;шт;5;00000000756;b2f166fe-87c5-11e7-b1c5-50465d50a210;9 250;46 250
00000000246;6a8ce662-88bf-11e8-84a4-50465d50a210;1;шт;2;00000000068;91162be6-2a05-11e5-b679-50465d50a210;19 250;38 500
00000000247;719cf349-8993-11e8-bc0c-50465d50a210;1;шт;1;00000000097;0fe0fc54-3f5c-11e5-a4a0-1c7508b569ec;13 250;13 250
00000000248;5d499428-89a8-11e8-888e-6c626df87f88;1;шт;4;00000000009;bb65b576-1b1c-11e5-aa26-6c626df87d4c;5 925;23 700
00000000249;e7e1b1d2-8c07-11e8-9286-50465d50a210;1;шт;1;00000000942;e7e1b1d0-8c07-11e8-9286-50465d50a210;235 000;235 000
00000000250;5bb03ec4-8be8-11e8-b415-6c626df87d4c;1;кг;200;00000000489;00fa939d-7979-11e6-86ae-50465d50a210;540,25;108 050
00000000251;2cf82b49-8e36-11e8-9b8b-50465d50a210;1;шт;2;00000000101;146da9b9-40d6-11e5-957f-50465d50a210;12 400;24 800
00000000252;6f1ebb30-8e38-11e8-9a78-6c626df87d4c;1;шт;2;00000000636;de43e5c5-0571-11e7-a4c3-6c626df87f88;1 867;3 734
00000000252;6f1ebb30-8e38-11e8-9a78-6c626df87d4c;2;шт;3;00000000086;60bc9d62-35d1-11e5-8b39-6c626df87d4c;590;1 770
00000000253;0b93386b-8fd0-11e8-a1d0-50465d50a210;1;шт;2;00000000061;a13dc6dc-1cd8-11e5-a6e0-6c626df87d4c;9 470;18 940
00000000257;0d2d0ccb-90cf-11e8-bfe7-50465d50a210;1;шт;12;00000000865;1912a18c-1d3c-11e8-9d00-6c626df87d4c;235;2 820
00000000257;0d2d0ccb-90cf-11e8-bfe7-50465d50a210;2;шт;5;00000000779;5279089d-9dda-11e7-b5cd-6c626df87d4c;480;2 400
00000000257;0d2d0ccb-90cf-11e8-bfe7-50465d50a210;3;л;800;00000000904;9b272ae5-5996-11e8-8e61-50465d50a210;57,88;46 304
00000000254;19e13f5c-90be-11e8-ab6a-6c626df87d4c;1;шт;2;00000000843;169a008d-07ef-11e8-9d7b-6c626df87d4c;2 700;5 400
00000000254;19e13f5c-90be-11e8-ab6a-6c626df87d4c;2;шт;1;00000000646;e0b910eb-106f-11e7-8a91-001e8c89ab40;1 357;1 357
00000000259;97aa4df0-9167-11e8-a8cf-50465d50a210;1;шт;3;00000000886;c8346e49-3e1e-11e8-8a87-6c626df87d4c;1 144,06;3 432,18
00000000261;97aa4df5-9167-11e8-a8cf-50465d50a210;1;шт;2;00000000943;97aa4df1-9167-11e8-a8cf-50465d50a210;123 177,97;246 355,94
00000000261;97aa4df5-9167-11e8-a8cf-50465d50a210;2;шт;1;00000000944;97aa4df3-9167-11e8-a8cf-50465d50a210;13 093,22;13 093,22
00000000261;97aa4df5-9167-11e8-a8cf-50465d50a210;3;шт;2;00000000945;7229085a-93f9-11e8-a1d8-6c626df87d4c;97 457,63;194 915,26
00000000262;cf1fbeee-93de-11e8-848e-6c626df87f88;1;шт;1;00000000131;bd552950-4d50-11e5-bb1c-6c626df87d4c;8 450;8 450
00000000262;cf1fbeee-93de-11e8-848e-6c626df87f88;2;шт;1;00000000698;486579e4-4517-11e7-b839-6c626df87d4c;8 950;8 950
00000000258;c7ead77e-90cb-11e8-a546-6c626df87f88;1;шт;3;00000000468;9792c953-65f3-11e6-b959-6c626df87d4c;21 500;64 500
00000000258;c7ead77e-90cb-11e8-a546-6c626df87f88;2;шт;3;00000000068;91162be6-2a05-11e5-b679-50465d50a210;19 375;58 125
00000000263;9b45b0e2-9eb5-11e7-9021-6c626df87d4c;1;шт;2;00000000370;3040890e-11bc-11e6-b816-50465d50a210;79 750;159 500
00000000263;9b45b0e2-9eb5-11e7-9021-6c626df87d4c;2;шт;300;00000000188;d1e9236c-7bae-11e5-9af8-50465d50a210;95;28 500
00000000263;9b45b0e2-9eb5-11e7-9021-6c626df87d4c;4;шт;110;00000000644;80140cb8-0ece-11e7-a190-6c626df87d4c;170;18 700
00000000263;9b45b0e2-9eb5-11e7-9021-6c626df87d4c;5;шт;24;00000000782;9b45b0de-9eb5-11e7-9021-6c626df87d4c;965;23 160
00000000263;9b45b0e2-9eb5-11e7-9021-6c626df87d4c;3;тн;1,98;00000000580;bb4484ae-b79b-11e6-98a3-6c626df87d4c;91 666,67;181 500,01
00000000264;8ddfa214-96ed-11e8-8200-6c626df87d4c;1;шт;10;00000000358;69622dbf-0bb1-11e6-832c-6c626df87f88;6 864,4;68 644
00000000264;8ddfa214-96ed-11e8-8200-6c626df87d4c;2;шт;10;00000000946;8ddfa215-96ed-11e8-8200-6c626df87d4c;2 203,39;22 033,9
00000000266;8ddfa218-96ed-11e8-8200-6c626df87d4c;1;шт;1;00000000044;11a59cb6-1cb7-11e5-a6e0-6c626df87d4c;13 135,59;13 135,59
00000000267;80c1230e-994f-11e8-834d-6c626df87d4c;1;шт;4;00000000125;73e3582a-4bcd-11e5-a984-6c626df87d4c;41 101;164 404
00000000268;80c1230f-994f-11e8-834d-6c626df87d4c;1;шт;4;00000000125;73e3582a-4bcd-11e5-a984-6c626df87d4c;35 889,83;143 559,32
00000000269;d3ae24a9-9a28-11e8-a83a-6c626df87d4c;1;шт;1;00000000948;d3ae24a7-9a28-11e8-a83a-6c626df87d4c;21 822,03;21 822,03
00000000270;2794c0db-9b00-11e8-9ea5-50465d50a210;1;шт;2;00000000943;97aa4df1-9167-11e8-a8cf-50465d50a210;123 177,97;246 355,94
00000000270;2794c0db-9b00-11e8-9ea5-50465d50a210;2;шт;1;00000000945;7229085a-93f9-11e8-a1d8-6c626df87d4c;97 457,63;97 457,63
00000000270;2794c0db-9b00-11e8-9ea5-50465d50a210;3;шт;10;00000000949;2794c0d9-9b00-11e8-9ea5-50465d50a210;9 745,76;97 457,6
00000000271;2794c0dc-9b00-11e8-9ea5-50465d50a210;1;шт;1;00000000191;a8427292-7c9d-11e5-b892-6c626df87d4c;20 656,78;20 656,78
00000000273;2794c0de-9b00-11e8-9ea5-50465d50a210;1;шт;15;00000000800;80e05c1b-cea5-11e7-b377-50465d50a210;1 275;19 125
00000000274;2794c0e1-9b00-11e8-9ea5-50465d50a210;1;шт;24;00000000810;0e347aa8-d40d-11e7-b867-6c626df87d4c;12 881,39;309 153,36
00000000277;535adc72-9ba8-11e8-8bbf-6c626df87d4c;1;шт;10;00000000952;535adc70-9ba8-11e8-8bbf-6c626df87d4c;3 135,6;31 356
00000000276;535adc6b-9ba8-11e8-8bbf-6c626df87d4c;1;шт;4;00000000951;535adc69-9ba8-11e8-8bbf-6c626df87d4c;13 855,94;55 423,76
00000000275;535adc68-9ba8-11e8-8bbf-6c626df87d4c;1;л;2 000;00000000462;075071a7-5df2-11e6-8298-50465d50a210;20,97;41 940
00000000278;618072db-9fb4-11e8-b8bd-6c626df87d4c;1;шт;4;00000000242;fd8268c2-a3e4-11e5-ac44-6c626df87f88;7 000;28 000
00000000279;623bb4d7-a05d-11e8-9216-6c626df87f88;1;шт;10;00000000952;535adc70-9ba8-11e8-8bbf-6c626df87d4c;1 440;14 400
00000000280;0537aa2f-a060-11e8-865b-6c626df87d4c;1;шт;4;00000000090;92d9e99d-3782-11e5-a9c7-6c626df87d4c;13 450;53 800
00000000229;fdbc1311-801a-11e8-80b6-50465d50a210;1;шт;12;00000000626;e29512b6-0311-11e7-891a-001e8c89ab40;1 200;14 400
00000000229;fdbc1311-801a-11e8-80b6-50465d50a210;2;шт;3;00000000779;5279089d-9dda-11e7-b5cd-6c626df87d4c;465;1 395
00000000281;0537aa30-a060-11e8-865b-6c626df87d4c;1;шт;2;00000000794;9ec4ae54-ba3c-11e7-a57c-6c626df87f88;4 950;9 900
00000000282;0537aa31-a060-11e8-865b-6c626df87d4c;1;шт;3;00000000005;bb65b569-1b1c-11e5-aa26-6c626df87d4c;12 711,86;38 135,58
00000000283;5055f340-a07b-11e8-bbe2-50465d50a210;1;шт;7;00000000295;c3664ec2-d639-11e5-8d66-6c626df87d4c;10 995,76;76 970,32
00000000284;0537aa34-a060-11e8-865b-6c626df87d4c;1;шт;6;00000000503;a6e83940-8559-11e6-8c09-001e8c89ab40;3 000;18 000
00000000285;0537aa35-a060-11e8-865b-6c626df87d4c;1;шт;2;00000000414;d59acc79-3d29-11e6-a8f5-6c626df87d4c;8 000;16 000
00000000286;623bb4da-a05d-11e8-9216-6c626df87f88;1;шт;20;00000000954;623bb4d8-a05d-11e8-9216-6c626df87f88;15 254,23;305 084,6
00000000287;47858541-a11d-11e8-8242-6c626df87d4c;1;шт;1;00000000242;fd8268c2-a3e4-11e5-ac44-6c626df87f88;4 745,76;4 745,76
00000000288;47858542-a11d-11e8-8242-6c626df87d4c;1;шт;10;00000000952;535adc70-9ba8-11e8-8bbf-6c626df87d4c;3 538,13;35 381,3
00000000289;ecb76052-a1f8-11e8-8634-6c626df87d4c;1;кг;1 087;00000000531;ea012e98-95d3-11e6-959d-6c626df87d4c;15,28;16 609,36
00000000291;bdf4cb60-a44a-11e8-84ed-6c626df87f88;1;шт;1;00000000956;bdf4cb5e-a44a-11e8-84ed-6c626df87f88;15 200;15 200
00000000290;b20d2b91-a43d-11e8-9978-6c626df87d4c;1;шт;1;00000000192;08bea8da-7ca2-11e5-b892-6c626df87d4c;6 525;6 525
00000000290;b20d2b91-a43d-11e8-9978-6c626df87d4c;2;шт;1;00000000480;6e2c638d-74e9-11e6-b8d9-6c626df87d4c;7 050;7 050
00000000290;b20d2b91-a43d-11e8-9978-6c626df87d4c;3;шт;1;00000000786;96731499-accc-11e7-a005-6c626df87f88;7 100;7 100
00000000292;9ab4581b-a50d-11e8-ace5-6c626df87d4c;1;шт;5;00000000295;c3664ec2-d639-11e5-8d66-6c626df87d4c;11 101,7;55 508,5
00000000293;30b23360-a5e0-11e8-ac4c-50465d50a210;1;шт;2;00000000603;fced48c9-c680-11e6-9689-6c626df87f88;5 250;10 500
00000000294;30b23361-a5e0-11e8-ac4c-50465d50a210;1;шт;5;00000000470;91f3c8d4-6e73-11e6-aa81-50465d50a210;42 175;210 875
00000000295;cf9f01ec-a6be-11e8-a068-6c626df87f88;1;шт;6;00000000756;b2f166fe-87c5-11e7-b1c5-50465d50a210;10 150;60 900
00000000296;3ad74fb4-a6c8-11e8-956d-6c626df87d4c;1;шт;4;00000000068;91162be6-2a05-11e5-b679-50465d50a210;19 950;79 800
00000000297;6321525f-a9fa-11e8-ba43-50465d50a210;1;шт;2;00000000435;6849fc0d-4cb2-11e6-a6d5-50465d50a210;20 575;41 150
00000000298;63215262-a9fa-11e8-ba43-50465d50a210;1;шт;2;00000000957;63215260-a9fa-11e8-ba43-50465d50a210;19 500;39 000
00000000299;c58a4c74-aa0e-11e8-a78b-6c626df87d4c;1;шт;1;00000000493;58a17979-7a67-11e6-8233-6c626df87d4c;1 631,36;1 631,36
00000000300;c58a4c77-aa0e-11e8-a78b-6c626df87d4c;1;шт;1;00000000958;c58a4c75-aa0e-11e8-a78b-6c626df87d4c;5 381,36;5 381,36
00000000301;529c1a54-aa94-11e8-829b-6c626df87d4c;1;шт;2;00000000959;529c1a55-aa94-11e8-829b-6c626df87d4c;65 100;130 200
00000000302;baddc57f-aa9e-11e8-8513-6c626df87f88;1;шт;1;00000000439;2ebabbb8-4cd4-11e6-9fb2-6c626df87f88;8 000;8 000
00000000303;529c1a5f-aa94-11e8-829b-6c626df87d4c;1;шт;10;00000000960;529c1a5d-aa94-11e8-829b-6c626df87d4c;795;7 950
00000000304;529c1a60-aa94-11e8-829b-6c626df87d4c;1;шт;4;00000000843;169a008d-07ef-11e8-9d7b-6c626df87d4c;2 700;10 800
00000000272;2794c0dd-9b00-11e8-9ea5-50465d50a210;1;шт;1;00000000801;80e05c1d-cea5-11e7-b377-50465d50a210;22 150;22 150
00000000305;33a7a00e-ab58-11e8-b1e7-6c626df87d4c;1;шт;1;00000000317;0303b4d1-ea90-11e5-b0e5-6c626df87d4c;69 150;69 150
00000000305;33a7a00e-ab58-11e8-b1e7-6c626df87d4c;2;шт;1;00000000961;33a7a00a-ab58-11e8-b1e7-6c626df87d4c;52 750;52 750
00000000305;33a7a00e-ab58-11e8-b1e7-6c626df87d4c;3;шт;2;00000000432;4c6ebe96-4757-11e6-bba6-6c626df87f88;13 450;26 900
00000000305;33a7a00e-ab58-11e8-b1e7-6c626df87d4c;4;шт;2;00000000792;b4bbc454-b013-11e7-9aa6-6c626df87f88;15 500;31 000
00000000305;33a7a00e-ab58-11e8-b1e7-6c626df87d4c;5;шт;1;00000000566;fe686f6c-aca9-11e6-ab99-001e8c89ab40;74 200;74 200
00000000305;33a7a00e-ab58-11e8-b1e7-6c626df87d4c;6;шт;10;00000000962;33a7a00c-ab58-11e8-b1e7-6c626df87d4c;18 250;182 500
00000000306;2ad8a10f-ac31-11e8-95a5-6c626df87d4c;1;шт;1;00000000084;843645cb-3458-11e5-a6e8-6c626df87d4c;3 115;3 115
00000000306;2ad8a10f-ac31-11e8-95a5-6c626df87d4c;2;шт;24;00000000075;8e7f64c5-2c6c-11e5-8cd4-50465d50a210;375;9 000
00000000307;2b321985-af62-11e8-8898-6c626df87f88;1;шт;2;00000000745;4abbac33-7e8e-11e7-8498-6c626df87f88;22 500;45 000
00000000308;2b321986-af62-11e8-8898-6c626df87f88;1;шт;4;00000000756;b2f166fe-87c5-11e7-b1c5-50465d50a210;9 975;39 900
00000000310;f3a9b064-b0f9-11e8-841c-6c626df87f88;1;шт;1;00000000129;74761b5b-4cac-11e5-b720-6c626df87d4c;11 750;11 750
00000000312;20ced1f2-b1a8-11e8-94d7-6c626df87d4c;1;шт;2;00000000542;7690376d-9c06-11e6-a1f6-6c626df87d4c;25 423,73;50 847,46
00000000313;862fec86-b1bd-11e8-94d7-6c626df87d4c;1;шт;4;00000000090;92d9e99d-3782-11e5-a9c7-6c626df87d4c;13 500;54 000
00000000314;862fec87-b1bd-11e8-94d7-6c626df87d4c;1;шт;3;00000000360;69622dc2-0bb1-11e6-832c-6c626df87f88;13 750;41 250
00000000315;964ac660-b1d7-11e8-a0f6-6c626df87f88;1;шт;2;00000000068;91162be6-2a05-11e5-b679-50465d50a210;21 250;42 500
00000000324;2786ffb1-b730-11e8-ad1c-50465d50a210;1;шт;3;00000000876;79af130d-3185-11e8-8a73-6c626df87d4c;21 180;63 540
00000000316;20c694af-b29f-11e8-9561-6c626df87d4c;1;шт;5;00000000192;08bea8da-7ca2-11e5-b892-6c626df87d4c;7 100;35 500
00000000317;20c694b0-b29f-11e8-9561-6c626df87d4c;1;шт;5;00000000038;ae5e7d79-1cac-11e5-a6e0-6c626df87d4c;22 400;112 000
00000000318;642d11fe-b4cb-11e8-a0b0-6c626df87f88;1;шт;5;00000000966;642d11fc-b4cb-11e8-a0b0-6c626df87f88;17 800;89 000
00000000319;f894adca-b504-11e8-b4ee-50465d50a210;1;шт;5;00000000193;08bea8dc-7ca2-11e5-b892-6c626df87d4c;7 450;37 250
00000000322;cc16753f-b672-11e8-8619-50465d50a210;1;шт;10;00000000051;371b25f3-1cc2-11e5-a6e0-6c626df87d4c;34 500;345 000
00000000321;cc16753e-b672-11e8-8619-50465d50a210;1;шт;1;00000000969;cc16753c-b672-11e8-8619-50465d50a210;21 175;21 175
00000000323;f7707a07-b68a-11e8-83f0-6c626df87f88;1;шт;1;00000000439;2ebabbb8-4cd4-11e6-9fb2-6c626df87f88;7 000;7 000
00000000323;f7707a07-b68a-11e8-83f0-6c626df87f88;2;шт;1;00000000970;f7707a04-b68a-11e8-83f0-6c626df87f88;700;700
00000000323;f7707a07-b68a-11e8-83f0-6c626df87f88;3;шт;1;00000000035;ae5e7d49-1cac-11e5-a6e0-6c626df87d4c;1 800;1 800
00000000323;f7707a07-b68a-11e8-83f0-6c626df87f88;4;шт;8;00000000145;b05a3bcf-5d31-11e5-bf62-6c626df87d4c;965;7 720
00000000325;bb807539-b808-11e8-ae98-50465d50a210;1;шт;1;00000000971;bb807537-b808-11e8-ae98-50465d50a210;25 650;25 650
00000000328;b2c4e5ae-b7f9-11e8-b988-6c626df87d4c;1;шт;2;00000000529;c4c6881b-9459-11e6-a033-6c626df87f88;26 295;52 590
00000000327;b2c4e5ad-b7f9-11e8-b988-6c626df87d4c;1;шт;1;00000000972;b2c4e5ab-b7f9-11e8-b988-6c626df87d4c;121 000;121 000
00000000326;b2c4e5a8-b7f9-11e8-b988-6c626df87d4c;1;шт;3;00000000843;169a008d-07ef-11e8-9d7b-6c626df87d4c;2 700;8 100
00000000329;21cd07a4-ba72-11e8-9ee9-50465d50a210;1;шт;1;00000000973;21cd07a2-ba72-11e8-9ee9-50465d50a210;22 850;22 850
00000000330;f08cc7a2-ba7b-11e8-a0dc-6c626df87f88;1;шт;10;00000000974;f08cc7a0-ba7b-11e8-a0dc-6c626df87f88;1 200;12 000
00000000332;d97a2991-bbd7-11e8-991e-6c626df87d4c;1;шт;2;00000000769;0bfa05d6-9851-11e7-8308-6c626df87d4c;101 869,69;203 739,38
00000000363;90e14820-cb98-11e8-bf59-6c626df87d4c;1;шт;2;00000000769;0bfa05d6-9851-11e7-8308-6c626df87d4c;1 300;2 600
00000000334;7974d007-bc94-11e8-99c8-6c626df87d4c;1;шт;1;00000000972;b2c4e5ab-b7f9-11e8-b988-6c626df87d4c;62 000;62 000
00000000333;a35c2cd9-bcb8-11e8-8938-50465d50a210;1;шт;2;00000000101;146da9b9-40d6-11e5-957f-50465d50a210;13 500;27 000
00000000335;7974d00e-bc94-11e8-99c8-6c626df87d4c;1;шт;1;00000000976;7974d00c-bc94-11e8-99c8-6c626df87d4c;27 796,61;27 796,61
00000000337;11ee35bc-bd72-11e8-8601-6c626df87d4c;1;шт;28;00000000977;11ee35b5-bd72-11e8-8601-6c626df87d4c;1 360;38 080
00000000337;11ee35bc-bd72-11e8-8601-6c626df87d4c;2;шт;2;00000000978;11ee35b8-bd72-11e8-8601-6c626df87d4c;51 345;102 690
00000000337;11ee35bc-bd72-11e8-8601-6c626df87d4c;3;шт;2;00000000980;11ee35bd-bd72-11e8-8601-6c626df87d4c;6 200;12 400
00000000337;11ee35bc-bd72-11e8-8601-6c626df87d4c;4;шт;2;00000000196;4c825a85-8788-11e5-bd31-6c626df87d4c;35 650;71 300
00000000337;11ee35bc-bd72-11e8-8601-6c626df87d4c;5;шт;11;00000000979;11ee35ba-bd72-11e8-8601-6c626df87d4c;1 617;17 787
00000000337;11ee35bc-bd72-11e8-8601-6c626df87d4c;6;шт;1;00000000906;57518a37-5f26-11e8-8680-6c626df87d4c;18 690;18 690
00000000336;11ee35b7-bd72-11e8-8601-6c626df87d4c;1;шт;2;00000000978;11ee35b8-bd72-11e8-8601-6c626df87d4c;48 900;97 800
00000000372;1481e4d6-cd5d-11e8-a4aa-6c626df87d4c;1;шт;4;00000000145;b05a3bcf-5d31-11e5-bf62-6c626df87d4c;1 200;4 800
00000000372;1481e4d6-cd5d-11e8-a4aa-6c626df87d4c;2;шт;1;00000000084;843645cb-3458-11e5-a6e8-6c626df87d4c;2 764,29;2 764,29
00000000340;3d87e07a-bfdf-11e8-abf3-6c626df87d4c;1;шт;2;00000000982;3d87e078-bfdf-11e8-abf3-6c626df87d4c;43 220,34;86 440,68
00000000339;44990a43-bfb9-11e8-9ad9-50465d50a210;1;шт;2;00000000981;44990a40-bfb9-11e8-9ad9-50465d50a210;154 661;309 322
00000000338;44990a42-bfb9-11e8-9ad9-50465d50a210;1;шт;2;00000000196;4c825a85-8788-11e5-bd31-6c626df87d4c;32 627,12;65 254,24
00000000342;3d87e07d-bfdf-11e8-abf3-6c626df87d4c;1;л;400;00000000983;3d87e07b-bfdf-11e8-abf3-6c626df87d4c;353,82;141 528
00000000341;be4002cc-bffe-11e8-a0c6-6c626df87f88;1;шт;4;00000000145;b05a3bcf-5d31-11e5-bf62-6c626df87d4c;1 200;4 800
00000000341;be4002cc-bffe-11e8-a0c6-6c626df87f88;2;шт;1;00000000518;ce9bac24-8ebb-11e6-875a-6c626df87d4c;2 150;2 150
00000000343;71984db4-c088-11e8-a085-6c626df87d4c;1;шт;2;00000000978;11ee35b8-bd72-11e8-8601-6c626df87d4c;45 775;91 550
00000000344;71984db5-c088-11e8-a085-6c626df87d4c;1;шт;3;00000000068;91162be6-2a05-11e5-b679-50465d50a210;19 800;59 400
00000000345;71984db8-c088-11e8-a085-6c626df87d4c;1;шт;1;00000000984;71984db6-c088-11e8-a085-6c626df87d4c;48 000;48 000
00000000346;38b16627-c15b-11e8-8624-6c626df87d4c;1;шт;2;00000000985;38b16628-c15b-11e8-8624-6c626df87d4c;65 254,23;130 508,46
00000000347;38b1662a-c15b-11e8-8624-6c626df87d4c;1;шт;2;00000000090;92d9e99d-3782-11e5-a9c7-6c626df87d4c;12 710;25 420
00000000348;38b1662b-c15b-11e8-8624-6c626df87d4c;1;шт;2;00000000986;38b1662c-c15b-11e8-8624-6c626df87d4c;3 100;6 200
00000000349;38b1662e-c15b-11e8-8624-6c626df87d4c;1;шт;8;00000000229;3be3f8e3-9992-11e5-aa01-50465d50a210;4 067,8;32 542,4
00000000349;38b1662e-c15b-11e8-8624-6c626df87d4c;2;шт;5;00000000230;3be3f8e5-9992-11e5-aa01-50465d50a210;20 338,99;101 694,95
00000000350;8ee2adb8-c16b-11e8-b730-50465d50a210;1;шт;5;00000000987;8ee2adb9-c16b-11e8-b730-50465d50a210;160 508,48;802 542,4
00000000351;38b1662f-c15b-11e8-8624-6c626df87d4c;1;шт;5;00000000843;169a008d-07ef-11e8-9d7b-6c626df87d4c;2 700;13 500
00000000353;38b16647-c15b-11e8-8624-6c626df87d4c;1;шт;1;00000000989;38b16645-c15b-11e8-8624-6c626df87d4c;52 500;52 500
00000000352;38b16644-c15b-11e8-8624-6c626df87d4c;1;шт;1;00000000988;38b16642-c15b-11e8-8624-6c626df87d4c;52 000;52 000
00000000354;224edaae-c235-11e8-82c2-6c626df87d4c;1;тн;0,171;00000000990;224edaa9-c235-11e8-82c2-6c626df87d4c;82 923,98;14 180
00000000354;224edaae-c235-11e8-82c2-6c626df87d4c;2;шт;19;00000000991;224edaab-c235-11e8-82c2-6c626df87d4c;80;1 520
00000000355;eeffb998-c571-11e8-9756-6c626df87f88;1;шт;24;00000000992;eeffb996-c571-11e8-9756-6c626df87f88;1 700;40 800
00000000356;eeffb99b-c571-11e8-9756-6c626df87f88;1;шт;1;00000000993;eeffb999-c571-11e8-9756-6c626df87f88;26 000;26 000
00000000357;eeffb99c-c571-11e8-9756-6c626df87f88;1;шт;24;00000000145;b05a3bcf-5d31-11e5-bf62-6c626df87d4c;1 175;28 200
00000000358;6801395f-c7a7-11e8-bccc-50465d50a210;1;шт;1;00000000965;20c694b1-b29f-11e8-9561-6c626df87d4c;18 424;18 424
00000000358;6801395f-c7a7-11e8-bccc-50465d50a210;2;шт;8;00000000205;72bbed80-8d0f-11e5-b6bf-6c626df87f88;32 300;258 400
00000000358;6801395f-c7a7-11e8-bccc-50465d50a210;3;шт;15;00000000197;015d505d-8770-11e5-9ae1-50465d50a210;32 300;484 500
00000000358;6801395f-c7a7-11e8-bccc-50465d50a210;4;шт;1;00000000994;68013960-c7a7-11e8-bccc-50465d50a210;6 560;6 560
00000000358;6801395f-c7a7-11e8-bccc-50465d50a210;5;шт;3;00000000995;68013962-c7a7-11e8-bccc-50465d50a210;47 040;141 120
00000000358;6801395f-c7a7-11e8-bccc-50465d50a210;6;шт;15;00000000996;68013964-c7a7-11e8-bccc-50465d50a210;50 270;754 050
00000000358;6801395f-c7a7-11e8-bccc-50465d50a210;7;шт;14;00000000997;68013966-c7a7-11e8-bccc-50465d50a210;38 054;532 756
00000000358;6801395f-c7a7-11e8-bccc-50465d50a210;8;шт;4;00000000192;08bea8da-7ca2-11e5-b892-6c626df87d4c;5 772;23 088
00000000358;6801395f-c7a7-11e8-bccc-50465d50a210;9;шт;2;00000000052;5c925beb-1cc0-11e5-b63b-50465d50a210;6 452;12 904
00000000358;6801395f-c7a7-11e8-bccc-50465d50a210;10;шт;5;00000000998;68013968-c7a7-11e8-bccc-50465d50a210;39 340;196 700
00000000358;6801395f-c7a7-11e8-bccc-50465d50a210;11;шт;2;00000000999;6801396a-c7a7-11e8-bccc-50465d50a210;8 425;16 850
00000000359;6801396e-c7a7-11e8-bccc-50465d50a210;1;шт;8;00000001001;6801396f-c7a7-11e8-bccc-50465d50a210;1 875;15 000
00000000360;b1c148a5-cabc-11e8-a7e9-50465d50a210;1;кг;1 087;00000000531;ea012e98-95d3-11e6-959d-6c626df87d4c;16,33;17 750,71
00000000361;957838a5-cb8d-11e8-a057-6c626df87f88;1;шт;3;00000000056;bf340c1d-1cd0-11e5-a6e0-6c626df87d4c;9 250;27 750
00000000362;9f1e97a4-cb89-11e8-a892-50465d50a210;1;шт;4;00000000090;92d9e99d-3782-11e5-a9c7-6c626df87d4c;14 700;58 800
00000000365;ad44e2fd-cc4f-11e8-9f89-6c626df87d4c;1;шт;2;00000000131;bd552950-4d50-11e5-bb1c-6c626df87d4c;8 775;17 550
00000000364;ad44e2fc-cc4f-11e8-9f89-6c626df87d4c;1;шт;3;00000000068;91162be6-2a05-11e5-b679-50465d50a210;20 175;60 525
00000000366;3a48ff33-cd1d-11e8-baa9-50465d50a210;1;шт;20;00000000960;529c1a5d-aa94-11e8-829b-6c626df87d4c;800;16 000
00000000367;3a48ff35-cd1d-11e8-baa9-50465d50a210;1;шт;4;00000000869;722ee1f0-2040-11e8-837b-6c626df87d4c;29 150;116 600
00000000369;ebb3b8d4-cd30-11e8-a4aa-6c626df87d4c;1;шт;1;00000000246;a694c655-baae-11e5-bf97-6c626df87d4c;33 474,58;33 474,58
00000000374;10070be9-cdf5-11e8-b8b7-6c626df87d4c;1;шт;1;00000000358;69622dbf-0bb1-11e6-832c-6c626df87f88;11 000;11 000
00000000376;10070bef-cdf5-11e8-b8b7-6c626df87d4c;1;л;209;00000000834;d42240a1-0031-11e8-8a5d-50465d50a210;149,01;31 143,09
00000000378;b90af8c8-d071-11e8-9352-6c626df87d4c;1;шт;1;00000001003;b90af8c6-d071-11e8-9352-6c626df87d4c;48 559,32;48 559,32
00000000377;6b477787-d060-11e8-b645-50465d50a210;1;шт;10;00000000149;61e0680c-65cb-11e5-a010-001e8c89ab40;3 275;32 750
00000000377;6b477787-d060-11e8-b645-50465d50a210;2;шт;6;00000000767;903dea0a-92db-11e7-9380-6c626df87d4c;3 275;19 650
00000000377;6b477787-d060-11e8-b645-50465d50a210;3;шт;1;00000000244;b9ec55b8-a95d-11e5-88a0-6c626df87f88;1 950;1 950
00000000377;6b477787-d060-11e8-b645-50465d50a210;4;шт;1;00000000518;ce9bac24-8ebb-11e6-875a-6c626df87d4c;2 150;2 150
00000000379;47cb5609-d07d-11e8-b645-50465d50a210;1;шт;1;00000001004;47cb5607-d07d-11e8-b645-50465d50a210;1 949,15;1 949,15
00000000379;47cb5609-d07d-11e8-b645-50465d50a210;2;шт;1;00000000518;ce9bac24-8ebb-11e6-875a-6c626df87d4c;1 800,85;1 800,85
00000000379;47cb5609-d07d-11e8-b645-50465d50a210;3;л;198;00000000832;d422409d-0031-11e8-8a5d-50465d50a210;161,25;31 927,5
00000000379;47cb5609-d07d-11e8-b645-50465d50a210;4;шт;30;00000000086;60bc9d62-35d1-11e5-8b39-6c626df87d4c;193,5;5 805
00000000379;47cb5609-d07d-11e8-b645-50465d50a210;5;л;100;00000000444;584da7c1-4e37-11e6-bbab-50465d50a210;101,69;10 169
00000000379;47cb5609-d07d-11e8-b645-50465d50a210;6;шт;10;00000000487;3a55d85b-767b-11e6-b8a7-6c626df87d4c;4 661,02;46 610,2
00000000380;47cb560a-d07d-11e8-b645-50465d50a210;1;шт;1;00000001004;47cb5607-d07d-11e8-b645-50465d50a210;1 949,15;1 949,15
00000000380;47cb560a-d07d-11e8-b645-50465d50a210;2;шт;1;00000000518;ce9bac24-8ebb-11e6-875a-6c626df87d4c;1 800,85;1 800,85
00000000380;47cb560a-d07d-11e8-b645-50465d50a210;3;л;200;00000000833;d422409f-0031-11e8-8a5d-50465d50a210;139,41;27 882
00000000380;47cb560a-d07d-11e8-b645-50465d50a210;4;шт;30;00000000086;60bc9d62-35d1-11e5-8b39-6c626df87d4c;193,5;5 805
00000000380;47cb560a-d07d-11e8-b645-50465d50a210;5;л;100;00000000444;584da7c1-4e37-11e6-bbab-50465d50a210;101,69;10 169
00000000380;47cb560a-d07d-11e8-b645-50465d50a210;6;шт;10;00000000487;3a55d85b-767b-11e6-b8a7-6c626df87d4c;4 661,02;46 610,2
00000000381;4b81c289-d2a4-11e8-a27a-6c626df87d4c;1;шт;1;00000000468;9792c953-65f3-11e6-b959-6c626df87d4c;25 500;25 500
00000000382;4b81c28a-d2a4-11e8-a27a-6c626df87d4c;1;шт;2;00000000115;e54ad5b7-4579-11e5-81f8-6c626df87d4c;14 750;29 500
00000000383;ac7c017c-d375-11e8-8ae8-6c626df87d4c;1;шт;1;00000001004;47cb5607-d07d-11e8-b645-50465d50a210;11 906,78;11 906,78
00000000383;ac7c017c-d375-11e8-8ae8-6c626df87d4c;2;шт;1;00000000518;ce9bac24-8ebb-11e6-875a-6c626df87d4c;1 779,66;1 779,66
00000000383;ac7c017c-d375-11e8-8ae8-6c626df87d4c;3;л;200;00000000833;d422409f-0031-11e8-8a5d-50465d50a210;138,98;27 796
00000000383;ac7c017c-d375-11e8-8ae8-6c626df87d4c;4;шт;30;00000000086;60bc9d62-35d1-11e5-8b39-6c626df87d4c;193,5;5 805
00000000383;ac7c017c-d375-11e8-8ae8-6c626df87d4c;5;л;100;00000000444;584da7c1-4e37-11e6-bbab-50465d50a210;100,85;10 085
00000000383;ac7c017c-d375-11e8-8ae8-6c626df87d4c;6;шт;10;00000000487;3a55d85b-767b-11e6-b8a7-6c626df87d4c;4 618,64;46 186,4
00000000384;ac7c017d-d375-11e8-8ae8-6c626df87d4c;1;л;209;00000000834;d42240a1-0031-11e8-8a5d-50465d50a210;143,94;30 083,46
00000000387;ac7c0181-d375-11e8-8ae8-6c626df87d4c;1;шт;6;00000000269;20a39f01-c4ba-11e5-8cbe-50465d50a210;245,76;1 474,56
00000000385;ac7c017f-d375-11e8-8ae8-6c626df87d4c;1;шт;12;00000000144;2087bfd8-5c6b-11e5-b76c-6c626df87d4c;6 144,06;73 728,72
00000000386;ac7c0180-d375-11e8-8ae8-6c626df87d4c;1;шт;24;00000000270;20a39f03-c4ba-11e5-8cbe-50465d50a210;593,22;14 237,28
00000000388;a61a9fe9-d393-11e8-aaec-50465d50a210;1;шт;2;00000000068;91162be6-2a05-11e5-b679-50465d50a210;19 725;39 450
00000000389;a61a9fef-d393-11e8-aaec-50465d50a210;1;шт;1;00000000131;bd552950-4d50-11e5-bb1c-6c626df87d4c;8 975;8 975
00000000389;a61a9fef-d393-11e8-aaec-50465d50a210;2;шт;1;00000000167;990b776b-6cbb-11e5-961c-001e8c89ab40;6 275;6 275
00000000389;a61a9fef-d393-11e8-aaec-50465d50a210;3;л;20;00000001007;a61a9fed-d393-11e8-aaec-50465d50a210;400;8 000
00000000401;2d884ac7-d827-11e8-88f3-50465d50a210;1;шт;6;00000000269;20a39f01-c4ba-11e5-8cbe-50465d50a210;18 029,67;108 178,02
00000000390;2ff69d1a-d5c4-11e8-a47b-6c626df87d4c;1;шт;2;00000000115;e54ad5b7-4579-11e5-81f8-6c626df87d4c;14 750;29 500
00000000391;2ff69d1b-d5c4-11e8-a47b-6c626df87d4c;1;шт;10;00000000211;63862be5-91b3-11e5-99b4-50465d50a210;750;7 500
00000000393;c7623f85-d5d2-11e8-9a56-6c626df87d4c;1;шт;6;00000000009;bb65b576-1b1c-11e5-aa26-6c626df87d4c;6 200;37 200
00000000394;c7623f88-d5d2-11e8-9a56-6c626df87d4c;1;шт;6;00000001008;c7623f86-d5d2-11e8-9a56-6c626df87d4c;3 295;19 770
00000000392;c7623f84-d5d2-11e8-9a56-6c626df87d4c;1;л;20;00000001007;a61a9fed-d393-11e8-aaec-50465d50a210;400;8 000
00000000395;a4313b3d-d691-11e8-8716-6c626df87d4c;1;шт;2;00000000843;169a008d-07ef-11e8-9d7b-6c626df87d4c;2 700;5 400
00000000396;a4313b40-d691-11e8-8716-6c626df87d4c;1;шт;5;00000000843;169a008d-07ef-11e8-9d7b-6c626df87d4c;2 700;13 500
00000000398;ac980353-d751-11e8-af4e-6c626df87d4c;1;шт;2;00000000978;11ee35b8-bd72-11e8-8601-6c626df87d4c;48 900;97 800
00000000399;ac980356-d751-11e8-af4e-6c626df87d4c;1;шт;1;00000000131;bd552950-4d50-11e5-bb1c-6c626df87d4c;8 775;8 775
00000000399;ac980356-d751-11e8-af4e-6c626df87d4c;2;шт;2;00000001009;ac980354-d751-11e8-af4e-6c626df87d4c;1 800;3 600
00000000400;2e0f4972-d823-11e8-88f3-50465d50a210;1;шт;5;00000001000;6801396c-c7a7-11e8-bccc-50465d50a210;485;2 425
00000000402;0dd0861e-db59-11e8-a484-6c626df87f88;1;шт;5;00000000756;b2f166fe-87c5-11e7-b1c5-50465d50a210;9 995;49 975
00000000397;ac98034e-d751-11e8-af4e-6c626df87d4c;1;шт;24;00000001010;b53c1eed-db5b-11e8-bb74-6c626df87d4c;770;18 480
00000000403;a75a359b-dc14-11e8-8533-6c626df87f88;1;шт;10;00000000211;63862be5-91b3-11e5-99b4-50465d50a210;695;6 950
00000000404;74d3d2f3-dc16-11e8-bf24-6c626df87d4c;1;шт;2;00000001004;47cb5607-d07d-11e8-b645-50465d50a210;2 118,64;4 237,28
00000000404;74d3d2f3-dc16-11e8-bf24-6c626df87d4c;2;шт;11;00000000526;deaea8bc-913a-11e6-92c9-001e8c89ab40;2 817,8;30 995,8
00000000404;74d3d2f3-dc16-11e8-bf24-6c626df87d4c;3;кг;100;00000001011;74d3d2f5-dc16-11e8-bf24-6c626df87d4c;102,75;10 275
00000000405;74d3d2f4-dc16-11e8-bf24-6c626df87d4c;1;шт;2;00000001004;47cb5607-d07d-11e8-b645-50465d50a210;2 118,64;4 237,28
00000000405;74d3d2f4-dc16-11e8-bf24-6c626df87d4c;2;л;200;00000000833;d422409f-0031-11e8-8a5d-50465d50a210;152,54;30 508
00000000405;74d3d2f4-dc16-11e8-bf24-6c626df87d4c;3;кг;100;00000001011;74d3d2f5-dc16-11e8-bf24-6c626df87d4c;102,75;10 275
00000000406;9b2ca7fb-dcef-11e8-a0ec-50465d50a210;1;шт;14;00000000788;eb949ec1-ae79-11e7-b887-6c626df87d4c;3 140;43 960
00000000407;9b2ca800-dcef-11e8-a0ec-50465d50a210;1;шт;2;00000000579;06deaa86-b541-11e6-983b-6c626df87d4c;409;818
00000000408;9b2ca801-dcef-11e8-a0ec-50465d50a210;1;шт;1;00000000604;fced48cc-c680-11e6-9689-6c626df87f88;6 350;6 350
00000000409;9f47d8f8-dda6-11e8-9bfc-6c626df87d4c;1;шт;2;00000000193;08bea8dc-7ca2-11e5-b892-6c626df87d4c;7 375;14 750
00000000410;9f47d8f9-dda6-11e8-9bfc-6c626df87d4c;1;шт;2;00000000527;e2af1094-9133-11e6-b081-6c626df87d4c;34 975;69 950
00000000410;9f47d8f9-dda6-11e8-9bfc-6c626df87d4c;3;шт;3;00000000364;30408901-11bc-11e6-b816-50465d50a210;13 925;41 775
00000000410;9f47d8f9-dda6-11e8-9bfc-6c626df87d4c;4;шт;2;00000001012;5f46a06e-de6f-11e8-b160-6c626df87d4c;8 475;16 950
00000000410;9f47d8f9-dda6-11e8-9bfc-6c626df87d4c;5;шт;1;00000001014;fab8c3aa-de82-11e8-a0ec-50465d50a210;14 000;14 000
00000000410;9f47d8f9-dda6-11e8-9bfc-6c626df87d4c;6;шт;3;00000001013;5f46a070-de6f-11e8-b160-6c626df87d4c;675;2 025
00000000410;9f47d8f9-dda6-11e8-9bfc-6c626df87d4c;2;шт;12;00000000089;b6b88e96-36ae-11e5-bfa1-001e8c89ab40;16 725;200 700
00000000411;9f47d8fa-dda6-11e8-9bfc-6c626df87d4c;1;шт;1;00000000527;e2af1094-9133-11e6-b081-6c626df87d4c;37 975;37 975
00000000411;9f47d8fa-dda6-11e8-9bfc-6c626df87d4c;2;шт;8;00000000089;b6b88e96-36ae-11e5-bfa1-001e8c89ab40;16 725;133 800
00000000411;9f47d8fa-dda6-11e8-9bfc-6c626df87d4c;3;шт;2;00000000364;30408901-11bc-11e6-b816-50465d50a210;13 925;27 850
00000000411;9f47d8fa-dda6-11e8-9bfc-6c626df87d4c;4;шт;2;00000001012;5f46a06e-de6f-11e8-b160-6c626df87d4c;8 475;16 950
00000000411;9f47d8fa-dda6-11e8-9bfc-6c626df87d4c;5;шт;2;00000001013;5f46a070-de6f-11e8-b160-6c626df87d4c;675;1 350
00000000413;8152bb7a-df56-11e8-885c-6c626df87d4c;1;шт;10;00000000626;e29512b6-0311-11e7-891a-001e8c89ab40;1 200;12 000
00000000412;5f46a06b-de6f-11e8-b160-6c626df87d4c;1;шт;4;00000000009;bb65b576-1b1c-11e5-aa26-6c626df87d4c;6 200;24 800
00000000414;5368a27c-e1a3-11e8-a6c8-50465d50a210;1;шт;1;00000001015;5368a26e-e1a3-11e8-a6c8-50465d50a210;1 400;1 400
00000000414;5368a27c-e1a3-11e8-a6c8-50465d50a210;2;шт;1;00000001016;5368a275-e1a3-11e8-a6c8-50465d50a210;1 500;1 500
00000000415;7eea67f5-e339-11e8-8112-50465d50a210;1;шт;2;00000001018;7eea67f3-e339-11e8-8112-50465d50a210;39 975;79 950
00000000416;9b80e83a-e427-11e8-a4be-6c626df87f88;1;шт;1;00000000317;0303b4d1-ea90-11e5-b0e5-6c626df87d4c;64 950;64 950
00000000416;9b80e83a-e427-11e8-a4be-6c626df87f88;2;шт;1;00000000961;33a7a00a-ab58-11e8-b1e7-6c626df87d4c;49 500;49 500
00000000416;9b80e83a-e427-11e8-a4be-6c626df87f88;3;шт;2;00000001019;9b80e838-e427-11e8-a4be-6c626df87f88;12 300;24 600
00000000416;9b80e83a-e427-11e8-a4be-6c626df87f88;4;шт;1;00000000566;fe686f6c-aca9-11e6-ab99-001e8c89ab40;69 325;69 325
00000000416;9b80e83a-e427-11e8-a4be-6c626df87f88;5;шт;10;00000000962;33a7a00c-ab58-11e8-b1e7-6c626df87d4c;17 500;175 000
00000000417;af3e43eb-e64c-11e8-8049-50465d50a210;1;шт;3;00000000068;91162be6-2a05-11e5-b679-50465d50a210;20 125;60 375
00000000418;9a68717a-e7e8-11e8-80d8-50465d50a210;1;шт;1;00000000872;9ba08fd7-2822-11e8-a37f-6c626df87d4c;52 000;52 000
00000000419;15bd0ef1-e8b0-11e8-887e-6c626df87d4c;1;шт;2;00000000756;b2f166fe-87c5-11e7-b1c5-50465d50a210;9 322,01;18 644,02
00000000420;15bd0ef2-e8b0-11e8-887e-6c626df87d4c;1;л;40;00000000490;00fa93a5-7979-11e6-86ae-50465d50a210;584,75;23 390
00000000421;15bd0ef6-e8b0-11e8-887e-6c626df87d4c;1;л;1 000;00000000274;5d1f7545-c98d-11e5-af37-6c626df87d4c;58,89;58 890
00000000422;9a89d557-ebda-11e8-a15b-6c626df87f88;1;шт;1;00000000360;69622dc2-0bb1-11e6-832c-6c626df87f88;14 100;14 100
00000000423;9a89d55a-ebda-11e8-a15b-6c626df87f88;1;шт;3;00000001021;9a89d558-ebda-11e8-a15b-6c626df87f88;2 125;6 375
00000000424;9a89d55b-ebda-11e8-a15b-6c626df87f88;1;шт;5;00000000086;60bc9d62-35d1-11e5-8b39-6c626df87d4c;735;3 675
00000000368;ebb3b8d3-cd30-11e8-a4aa-6c626df87d4c;1;шт;1;00000000414;d59acc79-3d29-11e6-a8f5-6c626df87d4c;88,93;88,93
00000000425;02e723d4-ee44-11e8-8548-6c626df87d4c;1;шт;2;00000000982;3d87e078-bfdf-11e8-abf3-6c626df87d4c;38 983;77 966
00000000425;02e723d4-ee44-11e8-8548-6c626df87d4c;2;шт;2;00000000982;3d87e078-bfdf-11e8-abf3-6c626df87d4c;43 220,34;86 440,68
00000000425;02e723d4-ee44-11e8-8548-6c626df87d4c;3;шт;2;00000000982;3d87e078-bfdf-11e8-abf3-6c626df87d4c;48 325;96 650
00000000426;b2e6edea-f21f-11e8-817f-6c626df87d4c;1;шт;1;00000000519;8f794f3b-8edc-11e6-875a-6c626df87d4c;810;810
00000000427;b89801eb-f2da-11e8-9465-6c626df87d4c;1;шт;2;00000001023;b89801e9-f2da-11e8-9465-6c626df87d4c;93,22;186,44
00000000427;b89801eb-f2da-11e8-9465-6c626df87d4c;2;шт;3;00000000414;d59acc79-3d29-11e6-a8f5-6c626df87d4c;76,27;228,81
00000000429;1fe2310a-f2ed-11e8-a08e-50465d50a210;1;шт;5;00000000068;91162be6-2a05-11e5-b679-50465d50a210;19 575;97 875
00000000428;1fe23109-f2ed-11e8-a08e-50465d50a210;1;шт;1;00000000468;9792c953-65f3-11e6-b959-6c626df87d4c;25 750;25 750
00000000430;2a2e9101-f302-11e8-9fad-6c626df87f88;1;шт;1;00000000184;2400cb69-73e0-11e5-91a1-001e8c89ab40;6 775;6 775
00000000431;e1824fdd-f3a1-11e8-84b7-6c626df87d4c;1;шт;1;00000000376;e9be7721-1b24-11e6-8ec3-50465d50a210;18 795;18 795
00000000432;86318d84-f3c1-11e8-b891-6c626df87d4c;1;шт;10;00000001024;86318d82-f3c1-11e8-b891-6c626df87d4c;250;2 500
00000000434;620222c8-f473-11e8-8045-6c626df87d4c;1;шт;10;00000001025;620222c6-f473-11e8-8045-6c626df87d4c;2 225;22 250
00000000433;620222c5-f473-11e8-8045-6c626df87d4c;1;л;206;00000000665;53e0f78f-2431-11e7-acdb-6c626df87f88;121,36;25 000
00000000436;a3af922c-f6d2-11e8-b79b-6c626df87d4c;1;шт;4;00000000016;cb2686ba-1bf3-11e5-8eb2-6c626df87d4c;5 587,5;22 350
00000000438;b99edaaf-f7a2-11e8-95cc-6c626df87d4c;1;шт;2;00000000090;92d9e99d-3782-11e5-a9c7-6c626df87d4c;14 700;29 400
00000000437;b99edaae-f7a2-11e8-95cc-6c626df87d4c;1;шт;1;00000000246;a694c655-baae-11e5-bf97-6c626df87d4c;33 813,56;33 813,56
00000000439;a9490e68-f791-11e8-aba1-50465d50a210;1;шт;6;00000000756;b2f166fe-87c5-11e7-b1c5-50465d50a210;9 950;59 700
00000000435;620222cc-f473-11e8-8045-6c626df87d4c;1;шт;2;00000001023;b89801e9-f2da-11e8-9465-6c626df87d4c;8 368,55;16 737,1
00000000435;620222cc-f473-11e8-8045-6c626df87d4c;2;шт;3;00000000414;d59acc79-3d29-11e6-a8f5-6c626df87d4c;6 846,99;20 540,97
00000000440;280f039e-f86b-11e8-a011-6c626df87f88;1;шт;1;00000000317;0303b4d1-ea90-11e5-b0e5-6c626df87d4c;64 720;64 720
00000000440;280f039e-f86b-11e8-a011-6c626df87f88;2;шт;1;00000000961;33a7a00a-ab58-11e8-b1e7-6c626df87d4c;49 325;49 325
00000000440;280f039e-f86b-11e8-a011-6c626df87f88;3;шт;2;00000001019;9b80e838-e427-11e8-a4be-6c626df87f88;12 180;24 360
00000000440;280f039e-f86b-11e8-a011-6c626df87f88;4;шт;1;00000000566;fe686f6c-aca9-11e6-ab99-001e8c89ab40;69 065;69 065
00000000440;280f039e-f86b-11e8-a011-6c626df87f88;5;шт;10;00000000962;33a7a00c-ab58-11e8-b1e7-6c626df87d4c;17 140;171 400
00000000441;a5e89b4b-f93e-11e8-848d-6c626df87d4c;1;шт;24;00000000897;0a59e051-5448-11e8-9a7a-6c626df87d4c;13 983,05;335 593,2
00000000441;a5e89b4b-f93e-11e8-848d-6c626df87d4c;2;шт;1;00000000281;a1153d84-c99e-11e5-af37-6c626df87d4c;46 864,41;46 864,41
00000000441;a5e89b4b-f93e-11e8-848d-6c626df87d4c;3;шт;1;00000001026;a5e89b49-f93e-11e8-848d-6c626df87d4c;63 771,19;63 771,19
00000000441;a5e89b4b-f93e-11e8-848d-6c626df87d4c;4;шт;3;00000000380;b84d39ef-1e6e-11e6-a8a2-6c626df87f88;8 813,56;26 440,68
00000000441;a5e89b4b-f93e-11e8-848d-6c626df87d4c;5;шт;10;00000000928;23674313-6ed6-11e8-8eda-6c626df87d4c;17 944,02;179 440,2
00000000441;a5e89b4b-f93e-11e8-848d-6c626df87d4c;6;шт;1;00000000898;48f129e6-54e3-11e8-aebc-6c626df87d4c;14 957,63;14 957,63
00000000443;4d02eeee-f9f5-11e8-a12f-50465d50a210;1;л;110;00000000975;2fff1eed-bb42-11e8-a13b-6c626df87d4c;96,5;10 615
00000000442;a7456346-f9f4-11e8-848d-6c626df87d4c;1;шт;1;00000000317;0303b4d1-ea90-11e5-b0e5-6c626df87d4c;64 720;64 720
00000000442;a7456346-f9f4-11e8-848d-6c626df87d4c;2;шт;1;00000000961;33a7a00a-ab58-11e8-b1e7-6c626df87d4c;49 325;49 325
00000000442;a7456346-f9f4-11e8-848d-6c626df87d4c;3;шт;2;00000001019;9b80e838-e427-11e8-a4be-6c626df87f88;12 180;24 360
00000000442;a7456346-f9f4-11e8-848d-6c626df87d4c;4;шт;1;00000000566;fe686f6c-aca9-11e6-ab99-001e8c89ab40;69 065;69 065
00000000445;4d02eef1-f9f5-11e8-a12f-50465d50a210;1;шт;24;00000000897;0a59e051-5448-11e8-9a7a-6c626df87d4c;13 983,05;335 593,2
00000000445;4d02eef1-f9f5-11e8-a12f-50465d50a210;2;шт;1;00000000196;4c825a85-8788-11e5-bd31-6c626df87d4c;36 271,19;36 271,19
00000000445;4d02eef1-f9f5-11e8-a12f-50465d50a210;3;шт;1;00000001026;a5e89b49-f93e-11e8-848d-6c626df87d4c;63 771,19;63 771,19
00000000445;4d02eef1-f9f5-11e8-a12f-50465d50a210;4;шт;3;00000000380;b84d39ef-1e6e-11e6-a8a2-6c626df87f88;8 813,56;26 440,68
00000000445;4d02eef1-f9f5-11e8-a12f-50465d50a210;5;шт;10;00000000928;23674313-6ed6-11e8-8eda-6c626df87d4c;17 944,92;179 449,2
00000000445;4d02eef1-f9f5-11e8-a12f-50465d50a210;6;шт;1;00000000898;48f129e6-54e3-11e8-aebc-6c626df87d4c;14 957,63;14 957,63
00000000444;4d02eef0-f9f5-11e8-a12f-50465d50a210;2;шт;1;00000000281;a1153d84-c99e-11e5-af37-6c626df87d4c;46 864,41;46 864,41
00000000444;4d02eef0-f9f5-11e8-a12f-50465d50a210;3;шт;1;00000001026;a5e89b49-f93e-11e8-848d-6c626df87d4c;63 771,19;63 771,19
00000000444;4d02eef0-f9f5-11e8-a12f-50465d50a210;4;шт;3;00000000380;b84d39ef-1e6e-11e6-a8a2-6c626df87f88;8 813,56;26 440,68
00000000444;4d02eef0-f9f5-11e8-a12f-50465d50a210;5;шт;10;00000000928;23674313-6ed6-11e8-8eda-6c626df87d4c;14 830,51;148 305,1
00000000444;4d02eef0-f9f5-11e8-a12f-50465d50a210;6;шт;1;00000000898;48f129e6-54e3-11e8-aebc-6c626df87d4c;11 440,68;11 440,68
00000000444;4d02eef0-f9f5-11e8-a12f-50465d50a210;1;шт;24;00000000897;0a59e051-5448-11e8-9a7a-6c626df87d4c;13 983,05;335 593,2
00000000446;4d02eef2-f9f5-11e8-a12f-50465d50a210;1;шт;24;00000000897;0a59e051-5448-11e8-9a7a-6c626df87d4c;13 771,19;330 508,56
00000000446;4d02eef2-f9f5-11e8-a12f-50465d50a210;2;шт;1;00000000196;4c825a85-8788-11e5-bd31-6c626df87d4c;36 271,19;36 271,19
00000000446;4d02eef2-f9f5-11e8-a12f-50465d50a210;3;шт;1;00000001026;a5e89b49-f93e-11e8-848d-6c626df87d4c;63 771,19;63 771,19
00000000446;4d02eef2-f9f5-11e8-a12f-50465d50a210;4;шт;3;00000000380;b84d39ef-1e6e-11e6-a8a2-6c626df87f88;8 813,56;26 440,68
00000000446;4d02eef2-f9f5-11e8-a12f-50465d50a210;5;шт;10;00000000928;23674313-6ed6-11e8-8eda-6c626df87d4c;14 830,51;148 305,1
00000000446;4d02eef2-f9f5-11e8-a12f-50465d50a210;6;шт;1;00000000898;48f129e6-54e3-11e8-aebc-6c626df87d4c;11 440,68;11 440,68
00000000447;a7456349-f9f4-11e8-848d-6c626df87d4c;1;шт;2;00000001027;a7456347-f9f4-11e8-848d-6c626df87d4c;2 400;4 800
00000000447;a7456349-f9f4-11e8-848d-6c626df87d4c;2;шт;4;00000000305;b6a7a0b5-df86-11e5-aa87-6c626df87d4c;19 975;79 900
00000000448;99dd6a1b-fc68-11e8-8561-6c626df87f88;1;шт;24;00000000897;0a59e051-5448-11e8-9a7a-6c626df87d4c;13 860,17;332 644,08
00000000448;99dd6a1b-fc68-11e8-8561-6c626df87f88;2;шт;1;00000000281;a1153d84-c99e-11e5-af37-6c626df87d4c;45 995,76;45 995,76
00000000448;99dd6a1b-fc68-11e8-8561-6c626df87f88;3;шт;1;00000001026;a5e89b49-f93e-11e8-848d-6c626df87d4c;63 529,66;63 529,66
00000000448;99dd6a1b-fc68-11e8-8561-6c626df87f88;4;шт;3;00000000380;b84d39ef-1e6e-11e6-a8a2-6c626df87f88;8 644,07;25 932,21
00000000448;99dd6a1b-fc68-11e8-8561-6c626df87f88;5;шт;10;00000000928;23674313-6ed6-11e8-8eda-6c626df87d4c;17 889,83;178 898,3
00000000448;99dd6a1b-fc68-11e8-8561-6c626df87f88;6;шт;1;00000000898;48f129e6-54e3-11e8-aebc-6c626df87d4c;14 790,17;14 790,17
00000000449;99dd6a1c-fc68-11e8-8561-6c626df87f88;1;шт;24;00000000897;0a59e051-5448-11e8-9a7a-6c626df87d4c;13 860,17;332 644,08
00000000449;99dd6a1c-fc68-11e8-8561-6c626df87f88;2;шт;1;00000000196;4c825a85-8788-11e5-bd31-6c626df87d4c;36 271,19;36 271,19
00000000449;99dd6a1c-fc68-11e8-8561-6c626df87f88;3;шт;1;00000001026;a5e89b49-f93e-11e8-848d-6c626df87d4c;63 529,66;63 529,66
00000000449;99dd6a1c-fc68-11e8-8561-6c626df87f88;4;шт;3;00000000380;b84d39ef-1e6e-11e6-a8a2-6c626df87f88;8 644,07;25 932,21
00000000449;99dd6a1c-fc68-11e8-8561-6c626df87f88;5;шт;10;00000000928;23674313-6ed6-11e8-8eda-6c626df87d4c;17 889,83;178 898,3
00000000449;99dd6a1c-fc68-11e8-8561-6c626df87f88;6;шт;1;00000000898;48f129e6-54e3-11e8-aebc-6c626df87d4c;14 790,17;14 790,17
00000000451;99dd6a1e-fc68-11e8-8561-6c626df87f88;1;шт;24;00000000897;0a59e051-5448-11e8-9a7a-6c626df87d4c;13 900;333 600
00000000451;99dd6a1e-fc68-11e8-8561-6c626df87f88;2;шт;1;00000000196;4c825a85-8788-11e5-bd31-6c626df87d4c;36 271,19;36 271,19
00000000451;99dd6a1e-fc68-11e8-8561-6c626df87f88;3;шт;1;00000001026;a5e89b49-f93e-11e8-848d-6c626df87d4c;63 929,66;63 929,66
00000000451;99dd6a1e-fc68-11e8-8561-6c626df87f88;4;шт;3;00000000380;b84d39ef-1e6e-11e6-a8a2-6c626df87f88;8 650;25 950
00000000451;99dd6a1e-fc68-11e8-8561-6c626df87f88;5;шт;10;00000000928;23674313-6ed6-11e8-8eda-6c626df87d4c;13 900;139 000
00000000451;99dd6a1e-fc68-11e8-8561-6c626df87f88;6;шт;1;00000000898;48f129e6-54e3-11e8-aebc-6c626df87d4c;11 250;11 250
00000000452;18e78b14-fd15-11e8-888d-6c626df87d4c;1;кг;1 087;00000000531;ea012e98-95d3-11e6-959d-6c626df87d4c;16,33;17 750,71
00000000457;15012c9e-feba-11e8-bcf0-50465d50a210;1;шт;2;00000000212;1f8ddbc2-929f-11e5-bcb0-001e8c89ab40;4 533,9;9 067,8
00000000453;820aca2e-fde9-11e8-8782-6c626df87d4c;1;л;60;00000001028;820aca2c-fde9-11e8-8782-6c626df87d4c;110;6 600
00000000454;820aca2f-fde9-11e8-8782-6c626df87d4c;1;шт;1;00000000360;69622dc2-0bb1-11e6-832c-6c626df87f88;12 950;12 950
00000000455;2aeb498a-fdec-11e8-97ab-50465d50a210;1;шт;4;00000000869;722ee1f0-2040-11e8-837b-6c626df87d4c;29 150;116 600
00000000456;15012c9d-feba-11e8-bcf0-50465d50a210;1;шт;1;00000000246;a694c655-baae-11e5-bf97-6c626df87d4c;35 060;35 060
00000000458;852dd9e1-ff77-11e8-a5d3-6c626df87f88;1;шт;5;00000000230;3be3f8e5-9992-11e5-aa01-50465d50a210;20 338,99;101 694,95
00000000370;ebb3b8d5-cd30-11e8-a4aa-6c626df87d4c;1;шт;2;00000000009;bb65b576-1b1c-11e5-aa26-6c626df87d4c;5 360,17;10 720,34
00000000460;07dc80b4-0361-11e9-a2ab-50465d50a210;1;шт;1;00000000271;20a39f05-c4ba-11e5-8cbe-50465d50a210;16 000;16 000
00000000461;d9f3d882-081f-11e9-b7c2-6c626df87f88;1;шт;1;00000000801;80e05c1d-cea5-11e7-b377-50465d50a210;19 046,61;19 046,61
00000000462;4e75ff32-0818-11e9-a44f-50465d50a210;1;шт;2;00000000769;0bfa05d6-9851-11e7-8308-6c626df87d4c;101 960,17;203 920,34
